模型名称：数据导出
合约名称：PTA1309 
测试时间：2007-02-26 -- 2013-04-18
测试周期：日线
测试模式：实战模式
开仓时使用的资金比率：100%
最大开仓手数：1000
保证金比率：8%
单位：5吨/手
手续费：0圆/手
----------------------------------
  测试天数：		2243		  测试周期数：	1444
  指令总数：		1444		  平均交易周期：1
  初始资金：		2147483647		  最终权益：	2147485696
  总收益率(盈利/初始资金)：	0.00%	  盈利：	2049.00
  扣除最大盈利后收益率：	-0.00%
  扣除最大亏损后收益率：	0.00%

  可靠性(胜率)：	50.69%		  成交额：	119569856
  期望收益(平均R乘数)：	0.00R		  总手续费：	0

  总交易次数：		1444		
  盈利次数比例：	49.72%		  亏损次数比例：	49.24%
  平均利润率：		0.00%		  平均每次盈利：	1
  标准离差率：		112509.6%		  标准离差：		654.49
  多头次数：		722		  空头次数：		721
  多头盈利次数：	371		  空头盈利次数：	347

  盈利次数：		718		  亏损次数：	711
  总盈利：		307580(0.01%)	  总亏损：	-306740(-0.01%)
  平均盈利率：		428(0.00%)	  平均亏损率：	-431(-0.00%)
  最大盈利额：		4240(0.00%)	  最大亏损额：	-7590(-0.00%)
  平均盈利周期：	1		  平均亏损周期：	1
  最大盈利周期：	1		  最大亏损周期：	1
  最大连续盈利次数：	12		  最大连续亏损次数：	9
  最大连续盈利：	10200(0.00%)	  最大连续亏损：	-8880(-0.00%)

  空仓总时间：		0		  最长空仓时间：	0
  空仓时间/总时间：	0.00%


开仓时间	开仓价格	交易类型	平仓时间	平仓价格	手数	手续费	盈利	扣除手续费后盈利	总资金	平仓类型

20070226	8656	多头	20070228	8600	1	0	-280	-280	2147483392	正常
20070228	8600	空头	20070302	8700	1	0	-500	-500	2147482880	正常
20070302	8700	多头	20070305	8668	1	0	-160	-160	2147482752	正常
20070305	8668	空头	20070306	8672	1	0	-20	-20	2147482752	正常
20070306	8672	多头	20070308	8708	1	0	180	180	2147482880	正常
20070308	8708	空头	20070313	8610	1	0	490	490	2147483392	正常
20070313	8610	多头	20070314	8646	1	0	180	180	2147483520	正常
20070314	8646	空头	20070315	8670	1	0	-120	-120	2147483392	正常
20070315	8670	多头	20070316	8664	1	0	-30	-30	2147483392	正常
20070316	8664	空头	20070319	8700	1	0	-180	-180	2147483264	正常
20070319	8700	多头	20070322	8690	1	0	-50	-50	2147483264	正常
20070322	8690	空头	20070323	8778	1	0	-440	-440	2147482880	正常
20070323	8778	多头	20070326	8726	1	0	-260	-260	2147482624	正常
20070326	8726	空头	20070329	8644	1	0	410	410	2147483008	正常
20070329	8644	多头	20070330	8638	1	0	-30	-30	2147483008	正常
20070330	8638	空头	20070402	8828	1	0	-950	-950	2147482112	正常
20070402	8828	多头	20070403	8866	1	0	190	190	2147482240	正常
20070403	8866	空头	20070404	8850	1	0	80	80	2147482368	正常
20070404	8850	多头	20070405	8814	1	0	-180	-180	2147482240	正常
20070405	8814	空头	20070406	8804	1	0	50	50	2147482240	正常
20070406	8804	多头	20070409	8830	1	0	130	130	2147482368	正常
20070409	8830	空头	20070410	8810	1	0	100	100	2147482496	正常
20070410	8810	多头	20070412	8898	1	0	440	440	2147482880	正常
20070412	8898	空头	20070413	9010	1	0	-560	-560	2147482368	正常
20070413	9010	多头	20070416	9146	1	0	680	680	2147483008	正常
20070416	9146	空头	20070417	9140	1	0	30	30	2147483008	正常
20070417	9140	多头	20070418	9062	1	0	-390	-390	2147482624	正常
20070418	9062	空头	20070419	8990	1	0	360	360	2147483008	正常
20070419	8990	多头	20070420	9026	1	0	180	180	2147483136	正常
20070420	9026	空头	20070423	9096	1	0	-350	-350	2147482752	正常
20070423	9096	多头	20070425	9050	1	0	-230	-230	2147482496	正常
20070425	9050	空头	20070426	9150	1	0	-500	-500	2147481984	正常
20070426	9150	多头	20070427	9124	1	0	-130	-130	2147481856	正常
20070427	9124	空头	20070430	9130	1	0	-30	-30	2147481856	正常
20070430	9130	多头	20070508	9056	1	0	-370	-370	2147481472	正常
20070508	9056	空头	20070509	9046	1	0	50	50	2147481472	正常
20070509	9046	多头	20070510	9024	1	0	-110	-110	2147481344	正常
20070510	9024	空头	20070511	8950	1	0	370	370	2147481728	正常
20070511	8950	多头	20070514	9098	1	0	740	740	2147482496	正常
20070514	9098	空头	20070515	9104	1	0	-30	-30	2147482496	正常
20070515	9104	多头	20070516	9088	1	0	-80	-80	2147482368	正常
20070516	9088	空头	20070517	9006	1	0	410	410	2147482752	正常
20070517	9006	多头	20070518	9080	1	0	370	370	2147483136	正常
20070518	9080	空头	20070521	9060	1	0	100	100	2147483264	正常
20070521	9060	多头	20070522	9068	1	0	40	40	2147483264	正常
20070522	9068	空头	20070523	9048	1	0	100	100	2147483392	正常
20070523	9048	多头	20070524	9112	1	0	320	320	2147483648	正常
20070524	9112	空头	20070525	9128	1	0	-80	-80	2147483520	正常
20070525	9128	多头	20070528	9130	1	0	10	10	2147483520	正常
20070528	9130	空头	20070529	9076	1	0	270	270	2147483904	正常
20070529	9076	多头	20070530	9044	1	0	-160	-160	2147483648	正常
20070530	9044	空头	20070531	9030	1	0	70	70	2147483648	正常
20070531	9030	多头	20070601	8894	1	0	-680	-680	2147483008	正常
20070601	8894	空头	20070604	8798	1	0	480	480	2147483520	正常
20070604	8798	多头	20070605	8836	1	0	190	190	2147483648	正常
20070605	8836	空头	20070606	8832	1	0	20	20	2147483648	正常
20070606	8832	多头	20070607	8710	1	0	-610	-610	2147483008	正常
20070607	8710	空头	20070608	8640	1	0	350	350	2147483392	正常
20070608	8640	多头	20070611	8680	1	0	200	200	2147483648	正常
20070611	8680	空头	20070612	8654	1	0	130	130	2147483904	正常
20070612	8654	多头	20070613	8656	1	0	10	10	2147483904	正常
20070613	8656	空头	20070614	8646	1	0	50	50	2147483904	正常
20070614	8646	多头	20070615	8706	1	0	300	300	2147484160	正常
20070615	8706	空头	20070618	8744	1	0	-190	-190	2147483904	正常
20070618	8744	多头	20070619	8744	1	0	0	0	2147483904	正常
20070619	8744	空头	20070620	8652	1	0	460	460	2147484416	正常
20070620	8652	多头	20070621	8660	1	0	40	40	2147484416	正常
20070621	8660	空头	20070622	8598	1	0	310	310	2147484672	正常
20070622	8598	多头	20070625	8542	1	0	-280	-280	2147484416	正常
20070625	8542	空头	20070626	8556	1	0	-70	-70	2147484416	正常
20070626	8556	多头	20070627	8490	1	0	-330	-330	2147484160	正常
20070627	8490	空头	20070628	8408	1	0	410	410	2147484672	正常
20070628	8408	多头	20070629	8402	1	0	-30	-30	2147484672	正常
20070629	8402	空头	20070702	8444	1	0	-210	-210	2147484416	正常
20070702	8444	多头	20070703	8510	1	0	330	330	2147484672	正常
20070703	8510	空头	20070704	8520	1	0	-50	-50	2147484672	正常
20070704	8520	多头	20070705	8500	1	0	-100	-100	2147484672	正常
20070705	8500	空头	20070706	8516	1	0	-80	-80	2147484672	正常
20070706	8516	多头	20070709	8570	1	0	270	270	2147484928	正常
20070709	8570	空头	20070710	8516	1	0	270	270	2147485184	正常
20070710	8516	多头	20070711	8578	1	0	310	310	2147485440	正常
20070711	8578	空头	20070712	8606	1	0	-140	-140	2147485184	正常
20070712	8606	多头	20070713	8636	1	0	150	150	2147485440	正常
20070713	8636	空头	20070716	8708	1	0	-360	-360	2147485184	正常
20070716	8708	多头	20070717	8662	1	0	-230	-230	2147484928	正常
20070717	8662	空头	20070718	8610	1	0	260	260	2147485184	正常
20070718	8610	多头	20070719	8614	1	0	20	20	2147485184	正常
20070719	8614	空头	20070720	8678	1	0	-320	-320	2147484928	正常
20070720	8678	多头	20070723	8658	1	0	-100	-100	2147484928	正常
20070723	8658	空头	20070724	8650	1	0	40	40	2147484928	正常
20070724	8650	多头	20070725	8640	1	0	-50	-50	2147484928	正常
20070725	8640	空头	20070726	8626	1	0	70	70	2147484928	正常
20070726	8626	多头	20070727	8612	1	0	-70	-70	2147484928	正常
20070727	8612	空头	20070730	8588	1	0	120	120	2147484928	正常
20070730	8588	多头	20070731	8480	1	0	-540	-540	2147484416	正常
20070731	8480	空头	20070801	8458	1	0	110	110	2147484416	正常
20070801	8458	多头	20070802	8460	1	0	10	10	2147484416	正常
20070802	8460	空头	20070803	8464	1	0	-20	-20	2147484416	正常
20070803	8464	多头	20070806	8392	1	0	-360	-360	2147484160	正常
20070806	8392	空头	20070807	8354	1	0	190	190	2147484416	正常
20070807	8354	多头	20070808	8292	1	0	-310	-310	2147484160	正常
20070808	8292	空头	20070809	8260	1	0	160	160	2147484416	正常
20070809	8260	多头	20070810	8208	1	0	-260	-260	2147484160	正常
20070810	8208	空头	20070813	8000	1	0	1040	1040	2147485184	正常
20070813	8000	多头	20070814	8040	1	0	200	200	2147485440	正常
20070814	8040	空头	20070815	8056	1	0	-80	-80	2147485440	正常
20070815	8056	多头	20070816	8084	1	0	140	140	2147485696	正常
20070816	8084	空头	20070817	8040	1	0	220	220	2147485952	正常
20070817	8040	多头	20070820	7992	1	0	-240	-240	2147485696	正常
20070820	7992	空头	20070821	8014	1	0	-110	-110	2147485696	正常
20070821	8014	多头	20070822	7964	1	0	-250	-250	2147485440	正常
20070822	7964	空头	20070823	7922	1	0	210	210	2147485696	正常
20070823	7922	多头	20070824	7900	1	0	-110	-110	2147485696	正常
20070824	7900	空头	20070827	7896	1	0	20	20	2147485696	正常
20070827	7896	多头	20070828	7882	1	0	-70	-70	2147485696	正常
20070828	7882	空头	20070829	7846	1	0	180	180	2147485952	正常
20070829	7846	多头	20070830	7740	1	0	-530	-530	2147485440	正常
20070830	7740	空头	20070831	7822	1	0	-410	-410	2147484928	正常
20070831	7822	多头	20070903	8002	1	0	900	900	2147485952	正常
20070903	8002	空头	20070904	7880	1	0	610	610	2147486464	正常
20070904	7880	多头	20070905	7892	1	0	60	60	2147486464	正常
20070905	7892	空头	20070906	7926	1	0	-170	-170	2147486208	正常
20070906	7926	多头	20070907	7922	1	0	-20	-20	2147486208	正常
20070907	7922	空头	20070910	7914	1	0	40	40	2147486208	正常
20070910	7914	多头	20070911	7890	1	0	-120	-120	2147486208	正常
20070911	7890	空头	20070912	7802	1	0	440	440	2147486720	正常
20070912	7802	多头	20070913	7820	1	0	90	90	2147486720	正常
20070913	7820	空头	20070914	7804	1	0	80	80	2147486720	正常
20070914	7804	多头	20070919	8512	1	0	3540	3540	2147490304	正常
20070919	8512	空头	20071015	8614	1	0	-510	-510	2147489792	正常
20071015	8614	多头	20071016	8500	1	0	-570	-570	2147489280	正常
20071016	8500	空头	20071018	8510	1	0	-50	-50	2147489280	正常
20071018	8510	多头	20071019	8750	1	0	1200	1200	2147490560	正常
20071019	8750	空头	20071022	8550	1	0	1000	1000	2147491584	正常
20071022	8550	多头	20071024	8460	1	0	-450	-450	2147491072	正常
20071024	8460	空头	20071025	8484	1	0	-120	-120	2147491072	正常
20071025	8484	多头	20071026	8720	1	0	1180	1180	2147492352	正常
20071026	8720	空头	20071031	8610	1	0	550	550	2147492864	正常
20071031	8610	多头	20071105	8738	1	0	640	640	2147493376	正常
20071105	8738	空头	20071106	8788	1	0	-250	-250	2147493120	正常
20071106	8788	多头	20071107	8888	1	0	500	500	2147493632	正常
20071107	8888	空头	20071108	8660	1	0	1140	1140	2147494656	正常
20071108	8660	多头	20071109	8652	1	0	-40	-40	2147494656	正常
20071109	8652	空头	20071112	8680	1	0	-140	-140	2147494400	正常
20071112	8680	多头	20071113	8552	1	0	-640	-640	2147493888	正常
20071113	8552	空头	20071114	8570	1	0	-90	-90	2147493888	正常
20071114	8570	多头	20071115	8540	1	0	-150	-150	2147493632	正常
20071115	8540	空头	20071116	8466	1	0	370	370	2147493888	正常
20071116	8466	多头	20071119	8500	1	0	170	170	2147494144	正常
20071119	8500	空头	20071121	8550	1	0	-250	-250	2147493888	正常
20071121	8550	多头	20071122	8450	1	0	-500	-500	2147493376	正常
20071122	8450	空头	20071126	8500	1	0	-250	-250	2147493120	正常
20071126	8500	多头	20071127	8400	1	0	-500	-500	2147492608	正常
20071127	8400	空头	20071130	8200	1	0	1000	1000	2147493632	正常
20071130	8200	多头	20071203	8166	1	0	-170	-170	2147493376	正常
20071203	8166	空头	20071204	8074	1	0	460	460	2147493888	正常
20071204	8074	多头	20071205	8000	1	0	-370	-370	2147493632	正常
20071205	8000	空头	20071206	8080	1	0	-400	-400	2147493120	正常
20071206	8080	多头	20071207	8100	1	0	100	100	2147493120	正常
20071207	8100	空头	20071210	7972	1	0	640	640	2147493888	正常
20071210	7972	多头	20071211	8048	1	0	380	380	2147494144	正常
20071211	8048	空头	20071212	7922	1	0	630	630	2147494656	正常
20071212	7922	多头	20071213	8010	1	0	440	440	2147495168	正常
20071213	8010	空头	20071214	7908	1	0	510	510	2147495680	正常
20071214	7908	多头	20071218	7770	1	0	-690	-690	2147494912	正常
20071218	7770	空头	20071219	7798	1	0	-140	-140	2147494656	正常
20071219	7798	多头	20071220	7900	1	0	510	510	2147495168	正常
20071220	7900	空头	20071221	7840	1	0	300	300	2147495424	正常
20071221	7840	多头	20071224	7950	1	0	550	550	2147495936	正常
20071224	7950	空头	20071225	7750	1	0	1000	1000	2147496960	正常
20071225	7750	多头	20071226	7998	1	0	1240	1240	2147498240	正常
20071226	7998	空头	20071227	8040	1	0	-210	-210	2147497984	正常
20071227	8040	多头	20071228	7874	1	0	-830	-830	2147497216	正常
20071228	7874	空头	20080102	8050	1	0	-880	-880	2147496448	正常
20080102	8050	多头	20080103	8028	1	0	-110	-110	2147496448	正常
20080103	8028	空头	20080104	8030	1	0	-10	-10	2147496448	正常
20080104	8030	多头	20080107	8038	1	0	40	40	2147496448	正常
20080107	8038	空头	20080108	8050	1	0	-60	-60	2147496448	正常
20080108	8050	多头	20080109	8088	1	0	190	190	2147496704	正常
20080109	8088	空头	20080110	7980	1	0	540	540	2147497216	正常
20080110	7980	多头	20080111	7814	1	0	-830	-830	2147496448	正常
20080111	7814	空头	20080114	7994	1	0	-900	-900	2147495424	正常
20080114	7994	多头	20080115	7954	1	0	-200	-200	2147495168	正常
20080115	7954	空头	20080116	8030	1	0	-380	-380	2147494912	正常
20080116	8030	多头	20080122	7872	1	0	-790	-790	2147494144	正常
20080122	7872	空头	20080123	8070	1	0	-990	-990	2147493120	正常
20080123	8070	多头	20080124	8038	1	0	-160	-160	2147492864	正常
20080124	8038	空头	20080125	8050	1	0	-60	-60	2147492864	正常
20080125	8050	多头	20080128	7998	1	0	-260	-260	2147492608	正常
20080128	7998	空头	20080129	7966	1	0	160	160	2147492864	正常
20080129	7966	多头	20080130	7956	1	0	-50	-50	2147492864	正常
20080130	7956	空头	20080131	8000	1	0	-220	-220	2147492608	正常
20080131	8000	多头	20080201	8038	1	0	190	190	2147492864	正常
20080201	8038	空头	20080204	7980	1	0	290	290	2147493120	正常
20080204	7980	多头	20080205	7942	1	0	-190	-190	2147492864	正常
20080205	7942	空头	20080213	8122	1	0	-900	-900	2147491840	正常
20080213	8122	多头	20080215	8142	1	0	100	100	2147491840	正常
20080215	8142	空头	20080218	8240	1	0	-490	-490	2147491328	正常
20080218	8240	多头	20080219	8166	1	0	-370	-370	2147491072	正常
20080219	8166	空头	20080220	8090	1	0	380	380	2147491328	正常
20080220	8090	多头	20080221	8242	1	0	760	760	2147492096	正常
20080221	8242	空头	20080222	8300	1	0	-290	-290	2147491840	正常
20080222	8300	多头	20080225	8272	1	0	-140	-140	2147491584	正常
20080225	8272	空头	20080226	8308	1	0	-180	-180	2147491328	正常
20080226	8308	多头	20080227	8376	1	0	340	340	2147491584	正常
20080227	8376	空头	20080228	8590	1	0	-1070	-1070	2147490560	正常
20080228	8590	多头	20080229	8678	1	0	440	440	2147491072	正常
20080229	8678	空头	20080303	8600	1	0	390	390	2147491584	正常
20080303	8600	多头	20080304	8470	1	0	-650	-650	2147490816	正常
20080304	8470	空头	20080305	8588	1	0	-590	-590	2147490304	正常
20080305	8588	多头	20080306	8670	1	0	410	410	2147490816	正常
20080306	8670	空头	20080307	8598	1	0	360	360	2147491072	正常
20080307	8598	多头	20080310	8502	1	0	-480	-480	2147490560	正常
20080310	8502	空头	20080311	8630	1	0	-640	-640	2147489792	正常
20080311	8630	多头	20080312	8600	1	0	-150	-150	2147489536	正常
20080312	8600	空头	20080313	8640	1	0	-200	-200	2147489280	正常
20080313	8640	多头	20080314	8558	1	0	-410	-410	2147488768	正常
20080314	8558	空头	20080317	8668	1	0	-550	-550	2147488256	正常
20080317	8668	多头	20080318	8500	1	0	-840	-840	2147487488	正常
20080318	8500	空头	20080319	8564	1	0	-320	-320	2147487232	正常
20080319	8564	多头	20080320	8600	1	0	180	180	2147487488	正常
20080320	8600	空头	20080321	8600	1	0	0	0	2147487488	正常
20080321	8600	多头	20080324	8602	1	0	10	10	2147487488	正常
20080324	8602	空头	20080325	8544	1	0	290	290	2147487744	正常
20080325	8544	多头	20080326	8508	1	0	-180	-180	2147487488	正常
20080326	8508	空头	20080327	8494	1	0	70	70	2147487488	正常
20080327	8494	多头	20080328	8524	1	0	150	150	2147487744	正常
20080328	8524	空头	20080331	8498	1	0	130	130	2147488000	正常
20080331	8498	多头	20080401	8370	1	0	-640	-640	2147487232	正常
20080401	8370	空头	20080402	8356	1	0	70	70	2147487232	正常
20080402	8356	多头	20080403	8380	1	0	120	120	2147487232	正常
20080403	8380	空头	20080407	8298	1	0	410	410	2147487744	正常
20080407	8298	多头	20080408	8314	1	0	80	80	2147487744	正常
20080408	8314	空头	20080410	8310	1	0	20	20	2147487744	正常
20080410	8310	多头	20080411	8166	1	0	-720	-720	2147486976	正常
20080411	8166	空头	20080414	8124	1	0	210	210	2147487232	正常
20080414	8124	多头	20080415	8088	1	0	-180	-180	2147486976	正常
20080415	8088	空头	20080416	8064	1	0	120	120	2147486976	正常
20080416	8064	多头	20080417	8010	1	0	-270	-270	2147486720	正常
20080417	8010	空头	20080418	7998	1	0	60	60	2147486720	正常
20080418	7998	多头	20080421	7920	1	0	-390	-390	2147486208	正常
20080421	7920	空头	20080422	7848	1	0	360	360	2147486464	正常
20080422	7848	多头	20080423	7922	1	0	370	370	2147486720	正常
20080423	7922	空头	20080424	8230	1	0	-1540	-1540	2147485184	正常
20080424	8230	多头	20080425	8194	1	0	-180	-180	2147484928	正常
20080425	8194	空头	20080428	8170	1	0	120	120	2147484928	正常
20080428	8170	多头	20080429	8160	1	0	-50	-50	2147484928	正常
20080429	8160	空头	20080430	8170	1	0	-50	-50	2147484928	正常
20080430	8170	多头	20080505	8016	1	0	-770	-770	2147484160	正常
20080505	8016	空头	20080506	8110	1	0	-470	-470	2147483648	正常
20080506	8110	多头	20080507	8104	1	0	-30	-30	2147483648	正常
20080507	8104	空头	20080508	8046	1	0	290	290	2147483904	正常
20080508	8046	多头	20080509	8156	1	0	550	550	2147484416	正常
20080509	8156	空头	20080512	8204	1	0	-240	-240	2147484160	正常
20080512	8204	多头	20080513	8266	1	0	310	310	2147484416	正常
20080513	8266	空头	20080514	8346	1	0	-400	-400	2147483904	正常
20080514	8346	多头	20080515	8414	1	0	340	340	2147484160	正常
20080515	8414	空头	20080516	8480	1	0	-330	-330	2147483904	正常
20080516	8480	多头	20080519	8466	1	0	-70	-70	2147483904	正常
20080519	8466	空头	20080520	8442	1	0	120	120	2147483904	正常
20080520	8442	多头	20080521	8616	1	0	870	870	2147484672	正常
20080521	8616	空头	20080522	8692	1	0	-380	-380	2147484416	正常
20080522	8692	多头	20080523	8752	1	0	300	300	2147484672	正常
20080523	8752	空头	20080526	8840	1	0	-440	-440	2147484160	正常
20080526	8840	多头	20080527	8800	1	0	-200	-200	2147483904	正常
20080527	8800	空头	20080528	8698	1	0	510	510	2147484416	正常
20080528	8698	多头	20080529	8782	1	0	420	420	2147484928	正常
20080529	8782	空头	20080530	8848	1	0	-330	-330	2147484672	正常
20080530	8848	多头	20080602	8970	1	0	610	610	2147485184	正常
20080602	8970	空头	20080603	9100	1	0	-650	-650	2147484416	正常
20080603	9100	多头	20080604	9188	1	0	440	440	2147484928	正常
20080604	9188	空头	20080605	9292	1	0	-520	-520	2147484416	正常
20080605	9292	多头	20080606	9298	1	0	30	30	2147484416	正常
20080606	9298	空头	20080610	9498	1	0	-1000	-1000	2147483392	正常
20080610	9498	多头	20080611	9388	1	0	-550	-550	2147482880	正常
20080611	9388	空头	20080612	9526	1	0	-690	-690	2147482240	正常
20080612	9526	多头	20080613	9840	1	0	1570	1570	2147483904	正常
20080613	9840	空头	20080616	9860	1	0	-100	-100	2147483904	正常
20080616	9860	多头	20080617	9728	1	0	-660	-660	2147483264	正常
20080617	9728	空头	20080618	9794	1	0	-330	-330	2147482880	正常
20080618	9794	多头	20080619	9742	1	0	-260	-260	2147482624	正常
20080619	9742	空头	20080620	9700	1	0	210	210	2147482880	正常
20080620	9700	多头	20080623	9602	1	0	-490	-490	2147482368	正常
20080623	9602	空头	20080624	9466	1	0	680	680	2147483008	正常
20080624	9466	多头	20080625	9496	1	0	150	150	2147483136	正常
20080625	9496	空头	20080626	9470	1	0	130	130	2147483264	正常
20080626	9470	多头	20080627	9520	1	0	250	250	2147483520	正常
20080627	9520	空头	20080630	9444	1	0	380	380	2147483904	正常
20080630	9444	多头	20080701	9544	1	0	500	500	2147484416	正常
20080701	9544	空头	20080702	9632	1	0	-440	-440	2147483904	正常
20080702	9632	多头	20080703	9580	1	0	-260	-260	2147483648	正常
20080703	9580	空头	20080704	9634	1	0	-270	-270	2147483392	正常
20080704	9634	多头	20080707	9608	1	0	-130	-130	2147483264	正常
20080707	9608	空头	20080708	9576	1	0	160	160	2147483392	正常
20080708	9576	多头	20080709	9442	1	0	-670	-670	2147482752	正常
20080709	9442	空头	20080710	9342	1	0	500	500	2147483264	正常
20080710	9342	多头	20080711	9390	1	0	240	240	2147483520	正常
20080711	9390	空头	20080714	9400	1	0	-50	-50	2147483520	正常
20080714	9400	多头	20080715	9314	1	0	-430	-430	2147483136	正常
20080715	9314	空头	20080716	9308	1	0	30	30	2147483136	正常
20080716	9308	多头	20080717	9530	1	0	1110	1110	2147484160	正常
20080717	9530	空头	20080718	9388	1	0	710	710	2147484928	正常
20080718	9388	多头	20080721	9358	1	0	-150	-150	2147484672	正常
20080721	9358	空头	20080722	9278	1	0	400	400	2147485184	正常
20080722	9278	多头	20080723	9198	1	0	-400	-400	2147484672	正常
20080723	9198	空头	20080724	9170	1	0	140	140	2147484928	正常
20080724	9170	多头	20080725	9204	1	0	170	170	2147485184	正常
20080725	9204	空头	20080728	9150	1	0	270	270	2147485440	正常
20080728	9150	多头	20080729	9212	1	0	310	310	2147485696	正常
20080729	9212	空头	20080730	9148	1	0	320	320	2147485952	正常
20080730	9148	多头	20080731	9198	1	0	250	250	2147486208	正常
20080731	9198	空头	20080801	9252	1	0	-270	-270	2147485952	正常
20080801	9252	多头	20080804	9438	1	0	930	930	2147486976	正常
20080804	9438	空头	20080805	9178	1	0	1300	1300	2147488256	正常
20080805	9178	多头	20080806	9172	1	0	-30	-30	2147488256	正常
20080806	9172	空头	20080807	9038	1	0	670	670	2147489024	正常
20080807	9038	多头	20080808	9034	1	0	-20	-20	2147489024	正常
20080808	9034	空头	20080811	8880	1	0	770	770	2147489792	正常
20080811	8880	多头	20080812	9004	1	0	620	620	2147490304	正常
20080812	9004	空头	20080813	9122	1	0	-590	-590	2147489792	正常
20080813	9122	多头	20080814	9012	1	0	-550	-550	2147489280	正常
20080814	9012	空头	20080815	9048	1	0	-180	-180	2147489024	正常
20080815	9048	多头	20080818	9300	1	0	1260	1260	2147490304	正常
20080818	9300	空头	20080819	9272	1	0	140	140	2147490560	正常
20080819	9272	多头	20080820	9346	1	0	370	370	2147490816	正常
20080820	9346	空头	20080821	9140	1	0	1030	1030	2147491840	正常
20080821	9140	多头	20080822	9192	1	0	260	260	2147492096	正常
20080822	9192	空头	20080825	8884	1	0	1540	1540	2147493632	正常
20080825	8884	多头	20080826	9038	1	0	770	770	2147494400	正常
20080826	9038	空头	20080827	8898	1	0	700	700	2147495168	正常
20080827	8898	多头	20080828	8904	1	0	30	30	2147495168	正常
20080828	8904	空头	20080829	8900	1	0	20	20	2147495168	正常
20080829	8900	多头	20080901	8900	1	0	0	0	2147495168	正常
20080901	8900	空头	20080902	8900	1	0	0	0	2147495168	正常
20080902	8900	多头	20080903	8890	1	0	-50	-50	2147495168	正常
20080903	8890	空头	20080904	8878	1	0	60	60	2147495168	正常
20080904	8878	多头	20080905	8740	1	0	-690	-690	2147494400	正常
20080905	8740	空头	20080908	8572	1	0	840	840	2147495168	正常
20080908	8572	多头	20080909	8596	1	0	120	120	2147495168	正常
20080909	8596	空头	20080910	8800	1	0	-1020	-1020	2147494144	正常
20080910	8800	多头	20080911	8950	1	0	750	750	2147494912	正常
20080911	8950	空头	20080912	9208	1	0	-1290	-1290	2147493632	正常
20080912	9208	多头	20080916	7690	1	0	-7590	-7590	2147485952	正常
20080916	7690	空头	20080924	7400	1	0	1450	1450	2147487488	正常
20080924	7400	多头	20080925	7420	1	0	100	100	2147487488	正常
20080925	7420	空头	20081006	7044	1	0	1880	1880	2147489280	正常
20081006	7044	多头	20081007	7132	1	0	440	440	2147489792	正常
20081007	7132	空头	20081008	7100	1	0	160	160	2147490048	正常
20081008	7100	多头	20081009	6920	1	0	-900	-900	2147489024	正常
20081009	6920	空头	20081010	6692	1	0	1140	1140	2147490048	正常
20081010	6692	多头	20081013	6672	1	0	-100	-100	2147490048	正常
20081013	6672	空头	20081014	6606	1	0	330	330	2147490304	正常
20081014	6606	多头	20081015	6452	1	0	-770	-770	2147489536	正常
20081015	6452	空头	20081016	6234	1	0	1090	1090	2147490560	正常
20081016	6234	多头	20081017	6000	1	0	-1170	-1170	2147489280	正常
20081017	6000	空头	20081020	6056	1	0	-280	-280	2147489024	正常
20081020	6056	多头	20081021	5850	1	0	-1030	-1030	2147488000	正常
20081021	5850	空头	20081022	5818	1	0	160	160	2147488256	正常
20081022	5818	多头	20081023	5778	1	0	-200	-200	2147488000	正常
20081023	5778	空头	20081024	5432	1	0	1730	1730	2147489792	正常
20081024	5432	多头	20081027	5372	1	0	-300	-300	2147489536	正常
20081027	5372	空头	20081028	5146	1	0	1130	1130	2147490560	正常
20081028	5146	多头	20081029	4970	1	0	-880	-880	2147489792	正常
20081029	4970	空头	20081030	5108	1	0	-690	-690	2147489024	正常
20081030	5108	多头	20081031	4848	1	0	-1300	-1300	2147487744	正常
20081031	4848	空头	20081103	4898	1	0	-250	-250	2147487488	正常
20081103	4898	多头	20081104	4836	1	0	-310	-310	2147487232	正常
20081104	4836	空头	20081105	4950	1	0	-570	-570	2147486720	正常
20081105	4950	多头	20081106	4936	1	0	-70	-70	2147486720	正常
20081106	4936	空头	20081107	4802	1	0	670	670	2147487488	正常
20081107	4802	多头	20081110	4916	1	0	570	570	2147488000	正常
20081110	4916	空头	20081111	4790	1	0	630	630	2147488512	正常
20081111	4790	多头	20081112	4780	1	0	-50	-50	2147488512	正常
20081112	4780	空头	20081113	4750	1	0	150	150	2147488768	正常
20081113	4750	多头	20081114	4810	1	0	300	300	2147489024	正常
20081114	4810	空头	20081117	4980	1	0	-850	-850	2147488256	正常
20081117	4980	多头	20081118	4970	1	0	-50	-50	2147488256	正常
20081118	4970	空头	20081119	5040	1	0	-350	-350	2147488000	正常
20081119	5040	多头	20081120	4950	1	0	-450	-450	2147487488	正常
20081120	4950	空头	20081121	4942	1	0	40	40	2147487488	正常
20081121	4942	多头	20081124	4932	1	0	-50	-50	2147487488	正常
20081124	4932	空头	20081125	5082	1	0	-750	-750	2147486720	正常
20081125	5082	多头	20081126	5268	1	0	930	930	2147487744	正常
20081126	5268	空头	20081127	5250	1	0	90	90	2147487744	正常
20081127	5250	多头	20081128	5216	1	0	-170	-170	2147487488	正常
20081128	5216	空头	20081201	5398	1	0	-910	-910	2147486464	正常
20081201	5398	多头	20081202	5280	1	0	-590	-590	2147485952	正常
20081202	5280	空头	20081203	5330	1	0	-250	-250	2147485696	正常
20081203	5330	多头	20081204	5270	1	0	-300	-300	2147485440	正常
20081204	5270	空头	20081205	5104	1	0	830	830	2147486208	正常
20081205	5104	多头	20081208	5288	1	0	920	920	2147487232	正常
20081208	5288	空头	20081209	5296	1	0	-40	-40	2147487232	正常
20081209	5296	多头	20081210	5410	1	0	570	570	2147487744	正常
20081210	5410	空头	20081211	5404	1	0	30	30	2147487744	正常
20081211	5404	多头	20081212	5366	1	0	-190	-190	2147487488	正常
20081212	5366	空头	20081215	5596	1	0	-1150	-1150	2147486464	正常
20081215	5596	多头	20081216	5534	1	0	-310	-310	2147486208	正常
20081216	5534	空头	20081217	5560	1	0	-130	-130	2147485952	正常
20081217	5560	多头	20081218	5530	1	0	-150	-150	2147485696	正常
20081218	5530	空头	20081219	5650	1	0	-600	-600	2147485184	正常
20081219	5650	多头	20081222	5708	1	0	290	290	2147485440	正常
20081222	5708	空头	20081223	5558	1	0	750	750	2147486208	正常
20081223	5558	多头	20081224	5592	1	0	170	170	2147486464	正常
20081224	5592	空头	20081225	5550	1	0	210	210	2147486720	正常
20081225	5550	多头	20081226	5458	1	0	-460	-460	2147486208	正常
20081226	5458	空头	20081229	5380	1	0	390	390	2147486720	正常
20081229	5380	多头	20081230	5356	1	0	-120	-120	2147486720	正常
20081230	5356	空头	20081231	5340	1	0	80	80	2147486720	正常
20081231	5340	多头	20090105	5330	1	0	-50	-50	2147486720	正常
20090105	5330	空头	20090106	5550	1	0	-1100	-1100	2147485696	正常
20090106	5550	多头	20090107	5720	1	0	850	850	2147486464	正常
20090107	5720	空头	20090108	5634	1	0	430	430	2147486976	正常
20090108	5634	多头	20090109	5560	1	0	-370	-370	2147486720	正常
20090109	5560	空头	20090112	5600	1	0	-200	-200	2147486464	正常
20090112	5600	多头	20090113	5576	1	0	-120	-120	2147486464	正常
20090113	5576	空头	20090114	5768	1	0	-960	-960	2147485440	正常
20090114	5768	多头	20090115	5798	1	0	150	150	2147485696	正常
20090115	5798	空头	20090116	5764	1	0	170	170	2147485952	正常
20090116	5764	多头	20090119	5794	1	0	150	150	2147486208	正常
20090119	5794	空头	20090120	5852	1	0	-290	-290	2147485952	正常
20090120	5852	多头	20090121	5782	1	0	-350	-350	2147485696	正常
20090121	5782	空头	20090122	5820	1	0	-190	-190	2147485440	正常
20090122	5820	多头	20090123	5920	1	0	500	500	2147485952	正常
20090123	5920	空头	20090202	6170	1	0	-1250	-1250	2147484672	正常
20090202	6170	多头	20090203	6186	1	0	80	80	2147484672	正常
20090203	6186	空头	20090204	6304	1	0	-590	-590	2147484160	正常
20090204	6304	多头	20090205	6234	1	0	-350	-350	2147483904	正常
20090205	6234	空头	20090206	6302	1	0	-340	-340	2147483520	正常
20090206	6302	多头	20090209	6350	1	0	240	240	2147483648	正常
20090209	6350	空头	20090210	6428	1	0	-390	-390	2147483264	正常
20090210	6428	多头	20090211	6260	1	0	-840	-840	2147482368	正常
20090211	6260	空头	20090212	6266	1	0	-30	-30	2147482368	正常
20090212	6266	多头	20090213	6198	1	0	-340	-340	2147481984	正常
20090213	6198	空头	20090216	6074	1	0	620	620	2147482624	正常
20090216	6074	多头	20090217	6032	1	0	-210	-210	2147482368	正常
20090217	6032	空头	20090218	5830	1	0	1010	1010	2147483392	正常
20090218	5830	多头	20090219	5778	1	0	-260	-260	2147483136	正常
20090219	5778	空头	20090220	5836	1	0	-290	-290	2147482880	正常
20090220	5836	多头	20090223	5972	1	0	680	680	2147483520	正常
20090223	5972	空头	20090224	5834	1	0	690	690	2147484160	正常
20090224	5834	多头	20090225	5914	1	0	400	400	2147484672	正常
20090225	5914	空头	20090226	5816	1	0	490	490	2147485184	正常
20090226	5816	多头	20090227	5698	1	0	-590	-590	2147484672	正常
20090227	5698	空头	20090302	5722	1	0	-120	-120	2147484672	正常
20090302	5722	多头	20090303	5712	1	0	-50	-50	2147484672	正常
20090303	5712	空头	20090304	5738	1	0	-130	-130	2147484416	正常
20090304	5738	多头	20090305	5724	1	0	-70	-70	2147484416	正常
20090305	5724	空头	20090306	5716	1	0	40	40	2147484416	正常
20090306	5716	多头	20090309	5726	1	0	50	50	2147484416	正常
20090309	5726	空头	20090310	5808	1	0	-410	-410	2147483904	正常
20090310	5808	多头	20090311	5820	1	0	60	60	2147483904	正常
20090311	5820	空头	20090312	5806	1	0	70	70	2147483904	正常
20090312	5806	多头	20090313	5860	1	0	270	270	2147484160	正常
20090313	5860	空头	20090316	5884	1	0	-120	-120	2147484160	正常
20090316	5884	多头	20090317	5980	1	0	480	480	2147484672	正常
20090317	5980	空头	20090318	6042	1	0	-310	-310	2147484416	正常
20090318	6042	多头	20090319	6152	1	0	550	550	2147484928	正常
20090319	6152	空头	20090320	6332	1	0	-900	-900	2147483904	正常
20090320	6332	多头	20090323	6514	1	0	910	910	2147484928	正常
20090323	6514	空头	20090324	6336	1	0	890	890	2147485696	正常
20090324	6336	多头	20090325	6280	1	0	-280	-280	2147485440	正常
20090325	6280	空头	20090326	6386	1	0	-530	-530	2147484928	正常
20090326	6386	多头	20090327	6542	1	0	780	780	2147485696	正常
20090327	6542	空头	20090330	6582	1	0	-200	-200	2147485440	正常
20090330	6582	多头	20090331	6568	1	0	-70	-70	2147485440	正常
20090331	6568	空头	20090401	6680	1	0	-560	-560	2147484928	正常
20090401	6680	多头	20090402	6724	1	0	220	220	2147485184	正常
20090402	6724	空头	20090403	6614	1	0	550	550	2147485696	正常
20090403	6614	多头	20090407	6902	1	0	1440	1440	2147487232	正常
20090407	6902	空头	20090408	6588	1	0	1570	1570	2147488768	正常
20090408	6588	多头	20090409	6642	1	0	270	270	2147489024	正常
20090409	6642	空头	20090410	6732	1	0	-450	-450	2147488512	正常
20090410	6732	多头	20090413	6542	1	0	-950	-950	2147487488	正常
20090413	6542	空头	20090414	6716	1	0	-870	-870	2147486720	正常
20090414	6716	多头	20090415	6904	1	0	940	940	2147487744	正常
20090415	6904	空头	20090416	7188	1	0	-1420	-1420	2147486208	正常
20090416	7188	多头	20090417	7042	1	0	-730	-730	2147485440	正常
20090417	7042	空头	20090420	7142	1	0	-500	-500	2147484928	正常
20090420	7142	多头	20090421	6950	1	0	-960	-960	2147483904	正常
20090421	6950	空头	20090422	6962	1	0	-60	-60	2147483904	正常
20090422	6962	多头	20090423	6988	1	0	130	130	2147484160	正常
20090423	6988	空头	20090424	6926	1	0	310	310	2147484416	正常
20090424	6926	多头	20090427	7196	1	0	1350	1350	2147485696	正常
20090427	7196	空头	20090428	7394	1	0	-990	-990	2147484672	正常
20090428	7394	多头	20090429	7364	1	0	-150	-150	2147484416	正常
20090429	7364	空头	20090430	7312	1	0	260	260	2147484672	正常
20090430	7312	多头	20090504	7338	1	0	130	130	2147484928	正常
20090504	7338	空头	20090505	7160	1	0	890	890	2147485696	正常
20090505	7160	多头	20090506	7168	1	0	40	40	2147485696	正常
20090506	7168	空头	20090507	7166	1	0	10	10	2147485696	正常
20090507	7166	多头	20090508	7194	1	0	140	140	2147485952	正常
20090508	7194	空头	20090511	7128	1	0	330	330	2147486208	正常
20090511	7128	多头	20090512	7052	1	0	-380	-380	2147485952	正常
20090512	7052	空头	20090513	7088	1	0	-180	-180	2147485696	正常
20090513	7088	多头	20090514	6890	1	0	-990	-990	2147484672	正常
20090514	6890	空头	20090515	7116	1	0	-1130	-1130	2147483520	正常
20090515	7116	多头	20090518	7044	1	0	-360	-360	2147483136	正常
20090518	7044	空头	20090519	7008	1	0	180	180	2147483264	正常
20090519	7008	多头	20090520	6906	1	0	-510	-510	2147482752	正常
20090520	6906	空头	20090521	6884	1	0	110	110	2147482880	正常
20090521	6884	多头	20090522	6850	1	0	-170	-170	2147482752	正常
20090522	6850	空头	20090525	6808	1	0	210	210	2147483008	正常
20090525	6808	多头	20090526	6838	1	0	150	150	2147483136	正常
20090526	6838	空头	20090527	6804	1	0	170	170	2147483264	正常
20090527	6804	多头	20090601	6998	1	0	970	970	2147484160	正常
20090601	6998	空头	20090602	6942	1	0	280	280	2147484416	正常
20090602	6942	多头	20090603	6934	1	0	-40	-40	2147484416	正常
20090603	6934	空头	20090604	6820	1	0	570	570	2147484928	正常
20090604	6820	多头	20090605	6838	1	0	90	90	2147484928	正常
20090605	6838	空头	20090608	6840	1	0	-10	-10	2147484928	正常
20090608	6840	多头	20090609	6722	1	0	-590	-590	2147484416	正常
20090609	6722	空头	20090610	6736	1	0	-70	-70	2147484416	正常
20090610	6736	多头	20090611	6776	1	0	200	200	2147484672	正常
20090611	6776	空头	20090612	6828	1	0	-260	-260	2147484416	正常
20090612	6828	多头	20090615	6884	1	0	280	280	2147484672	正常
20090615	6884	空头	20090616	6812	1	0	360	360	2147484928	正常
20090616	6812	多头	20090617	6806	1	0	-30	-30	2147484928	正常
20090617	6806	空头	20090618	6882	1	0	-380	-380	2147484672	正常
20090618	6882	多头	20090619	6976	1	0	470	470	2147485184	正常
20090619	6976	空头	20090622	6944	1	0	160	160	2147485440	正常
20090622	6944	多头	20090623	6780	1	0	-820	-820	2147484672	正常
20090623	6780	空头	20090624	6802	1	0	-110	-110	2147484672	正常
20090624	6802	多头	20090625	6814	1	0	60	60	2147484672	正常
20090625	6814	空头	20090626	6856	1	0	-210	-210	2147484416	正常
20090626	6856	多头	20090629	6820	1	0	-180	-180	2147484160	正常
20090629	6820	空头	20090630	7012	1	0	-960	-960	2147483136	正常
20090630	7012	多头	20090701	6996	1	0	-80	-80	2147483008	正常
20090701	6996	空头	20090702	7034	1	0	-190	-190	2147482880	正常
20090702	7034	多头	20090703	7010	1	0	-120	-120	2147482752	正常
20090703	7010	空头	20090706	7048	1	0	-190	-190	2147482624	正常
20090706	7048	多头	20090707	7042	1	0	-30	-30	2147482624	正常
20090707	7042	空头	20090708	6998	1	0	220	220	2147482880	正常
20090708	6998	多头	20090709	7118	1	0	600	600	2147483520	正常
20090709	7118	空头	20090710	7110	1	0	40	40	2147483520	正常
20090710	7110	多头	20090713	7188	1	0	390	390	2147483904	正常
20090713	7188	空头	20090714	7290	1	0	-510	-510	2147483392	正常
20090714	7290	多头	20090715	7296	1	0	30	30	2147483392	正常
20090715	7296	空头	20090716	7272	1	0	120	120	2147483520	正常
20090716	7272	多头	20090717	7240	1	0	-160	-160	2147483392	正常
20090717	7240	空头	20090720	7232	1	0	40	40	2147483392	正常
20090720	7232	多头	20090721	7242	1	0	50	50	2147483392	正常
20090721	7242	空头	20090722	7292	1	0	-250	-250	2147483136	正常
20090722	7292	多头	20090723	7390	1	0	490	490	2147483648	正常
20090723	7390	空头	20090724	7492	1	0	-510	-510	2147483136	正常
20090724	7492	多头	20090727	7646	1	0	770	770	2147483904	正常
20090727	7646	空头	20090728	7820	1	0	-870	-870	2147483008	正常
20090728	7820	多头	20090729	7792	1	0	-140	-140	2147482880	正常
20090729	7792	空头	20090730	7834	1	0	-210	-210	2147482624	正常
20090730	7834	多头	20090731	7932	1	0	490	490	2147483136	正常
20090731	7932	空头	20090803	8232	1	0	-1500	-1500	2147481600	正常
20090803	8232	多头	20090804	8386	1	0	770	770	2147482368	正常
20090804	8386	空头	20090805	8388	1	0	-10	-10	2147482368	正常
20090805	8388	多头	20090806	8360	1	0	-140	-140	2147482240	正常
20090806	8360	空头	20090807	8030	1	0	1650	1650	2147483904	正常
20090807	8030	多头	20090810	7950	1	0	-400	-400	2147483520	正常
20090810	7950	空头	20090811	8248	1	0	-1490	-1490	2147481984	正常
20090811	8248	多头	20090812	8202	1	0	-230	-230	2147481728	正常
20090812	8202	空头	20090813	8162	1	0	200	200	2147481984	正常
20090813	8162	多头	20090814	8204	1	0	210	210	2147482240	正常
20090814	8204	空头	20090817	8070	1	0	670	670	2147482880	正常
20090817	8070	多头	20090818	7986	1	0	-420	-420	2147482496	正常
20090818	7986	空头	20090819	7894	1	0	460	460	2147483008	正常
20090819	7894	多头	20090820	7880	1	0	-70	-70	2147482880	正常
20090820	7880	空头	20090821	7868	1	0	60	60	2147482880	正常
20090821	7868	多头	20090824	7794	1	0	-370	-370	2147482496	正常
20090824	7794	空头	20090825	7692	1	0	510	510	2147483008	正常
20090825	7692	多头	20090826	7706	1	0	70	70	2147483136	正常
20090826	7706	空头	20090827	7662	1	0	220	220	2147483392	正常
20090827	7662	多头	20090828	7690	1	0	140	140	2147483520	正常
20090828	7690	空头	20090831	7524	1	0	830	830	2147484416	正常
20090831	7524	多头	20090901	7418	1	0	-530	-530	2147483904	正常
20090901	7418	空头	20090902	7202	1	0	1080	1080	2147484928	正常
20090902	7202	多头	20090903	7060	1	0	-710	-710	2147484160	正常
20090903	7060	空头	20090904	7200	1	0	-700	-700	2147483520	正常
20090904	7200	多头	20090907	7310	1	0	550	550	2147484160	正常
20090907	7310	空头	20090908	7120	1	0	950	950	2147485184	正常
20090908	7120	多头	20090909	7198	1	0	390	390	2147485696	正常
20090909	7198	空头	20090910	7092	1	0	530	530	2147486208	正常
20090910	7092	多头	20090914	6864	1	0	-1140	-1140	2147485184	正常
20090914	6864	空头	20090915	7300	1	0	-2180	-2180	2147483008	正常
20090915	7300	多头	20090916	7200	1	0	-500	-500	2147482496	正常
20090916	7200	空头	20090918	7122	1	0	390	390	2147482880	正常
20090918	7122	多头	20090921	7190	1	0	340	340	2147483264	正常
20090921	7190	空头	20090922	7170	1	0	100	100	2147483392	正常
20090922	7170	多头	20090923	7064	1	0	-530	-530	2147482880	正常
20090923	7064	空头	20090925	7022	1	0	210	210	2147483136	正常
20090925	7022	多头	20090928	6980	1	0	-210	-210	2147482880	正常
20090928	6980	空头	20090930	7038	1	0	-290	-290	2147482624	正常
20090930	7038	多头	20091009	7206	1	0	840	840	2147483520	正常
20091009	7206	空头	20091012	7354	1	0	-740	-740	2147482752	正常
20091012	7354	多头	20091013	7420	1	0	330	330	2147483136	正常
20091013	7420	空头	20091014	7470	1	0	-250	-250	2147482880	正常
20091014	7470	多头	20091015	7452	1	0	-90	-90	2147482752	正常
20091015	7452	空头	20091016	7560	1	0	-540	-540	2147482240	正常
20091016	7560	多头	20091019	7700	1	0	700	700	2147482880	正常
20091019	7700	空头	20091020	7712	1	0	-60	-60	2147482880	正常
20091020	7712	多头	20091021	7536	1	0	-880	-880	2147481984	正常
20091021	7536	空头	20091022	7536	1	0	0	0	2147481984	正常
20091022	7536	多头	20091023	7596	1	0	300	300	2147482240	正常
20091023	7596	空头	20091026	7630	1	0	-170	-170	2147482112	正常
20091026	7630	多头	20091027	7720	1	0	450	450	2147482624	正常
20091027	7720	空头	20091028	7688	1	0	160	160	2147482752	正常
20091028	7688	多头	20091029	7620	1	0	-340	-340	2147482368	正常
20091029	7620	空头	20091030	7756	1	0	-680	-680	2147481728	正常
20091030	7756	多头	20091103	7620	1	0	-680	-680	2147481088	正常
20091103	7620	空头	20091104	7772	1	0	-760	-760	2147480320	正常
20091104	7772	多头	20091105	7762	1	0	-50	-50	2147480320	正常
20091105	7762	空头	20091106	7788	1	0	-130	-130	2147480192	正常
20091106	7788	多头	20091109	7850	1	0	310	310	2147480448	正常
20091109	7850	空头	20091110	7858	1	0	-40	-40	2147480448	正常
20091110	7858	多头	20091111	7950	1	0	460	460	2147480960	正常
20091111	7950	空头	20091112	8002	1	0	-260	-260	2147480704	正常
20091112	8002	多头	20091113	7966	1	0	-180	-180	2147480576	正常
20091113	7966	空头	20091116	7952	1	0	70	70	2147480704	正常
20091116	7952	多头	20091117	8058	1	0	530	530	2147481216	正常
20091117	8058	空头	20091118	8080	1	0	-110	-110	2147481088	正常
20091118	8080	多头	20091119	8140	1	0	300	300	2147481344	正常
20091119	8140	空头	20091120	8168	1	0	-140	-140	2147481216	正常
20091120	8168	多头	20091123	8382	1	0	1070	1070	2147482240	正常
20091123	8382	空头	20091124	8282	1	0	500	500	2147482752	正常
20091124	8282	多头	20091125	8356	1	0	370	370	2147483136	正常
20091125	8356	空头	20091126	8288	1	0	340	340	2147483520	正常
20091126	8288	多头	20091127	7984	1	0	-1520	-1520	2147481984	正常
20091127	7984	空头	20091130	8076	1	0	-460	-460	2147481472	正常
20091130	8076	多头	20091201	8126	1	0	250	250	2147481728	正常
20091201	8126	空头	20091202	8300	1	0	-870	-870	2147480832	正常
20091202	8300	多头	20091203	8308	1	0	40	40	2147480832	正常
20091203	8308	空头	20091204	8324	1	0	-80	-80	2147480704	正常
20091204	8324	多头	20091207	8302	1	0	-110	-110	2147480576	正常
20091207	8302	空头	20091208	8330	1	0	-140	-140	2147480448	正常
20091208	8330	多头	20091209	8226	1	0	-520	-520	2147479936	正常
20091209	8226	空头	20091210	8150	1	0	380	380	2147480320	正常
20091210	8150	多头	20091211	8232	1	0	410	410	2147480704	正常
20091211	8232	空头	20091214	8258	1	0	-130	-130	2147480576	正常
20091214	8258	多头	20091215	8238	1	0	-100	-100	2147480448	正常
20091215	8238	空头	20091216	8300	1	0	-310	-310	2147480192	正常
20091216	8300	多头	20091217	8238	1	0	-310	-310	2147479936	正常
20091217	8238	空头	20091218	8238	1	0	0	0	2147479936	正常
20091218	8238	多头	20091221	8290	1	0	260	260	2147480192	正常
20091221	8290	空头	20091222	8110	1	0	900	900	2147481088	正常
20091222	8110	多头	20091223	8088	1	0	-110	-110	2147480960	正常
20091223	8088	空头	20091224	8184	1	0	-480	-480	2147480448	正常
20091224	8184	多头	20091225	8244	1	0	300	300	2147480704	正常
20091225	8244	空头	20091228	8310	1	0	-330	-330	2147480320	正常
20091228	8310	多头	20091229	8426	1	0	580	580	2147480960	正常
20091229	8426	空头	20091230	8420	1	0	30	30	2147480960	正常
20091230	8420	多头	20091231	8440	1	0	100	100	2147481088	正常
20091231	8440	空头	20100104	8560	1	0	-600	-600	2147480448	正常
20100104	8560	多头	20100105	8558	1	0	-10	-10	2147480448	正常
20100105	8558	空头	20100106	8494	1	0	320	320	2147480832	正常
20100106	8494	多头	20100107	8426	1	0	-340	-340	2147480448	正常
20100107	8426	空头	20100108	8380	1	0	230	230	2147480704	正常
20100108	8380	多头	20100111	8490	1	0	550	550	2147481216	正常
20100111	8490	空头	20100112	8592	1	0	-510	-510	2147480704	正常
20100112	8592	多头	20100113	8430	1	0	-810	-810	2147479936	正常
20100113	8430	空头	20100114	8564	1	0	-670	-670	2147479296	正常
20100114	8564	多头	20100115	8482	1	0	-410	-410	2147478912	正常
20100115	8482	空头	20100118	8642	1	0	-800	-800	2147478144	正常
20100118	8642	多头	20100119	8744	1	0	510	510	2147478656	正常
20100119	8744	空头	20100120	8650	1	0	470	470	2147479168	正常
20100120	8650	多头	20100121	8716	1	0	330	330	2147479552	正常
20100121	8716	空头	20100122	8528	1	0	940	940	2147480448	正常
20100122	8528	多头	20100125	8538	1	0	50	50	2147480448	正常
20100125	8538	空头	20100126	8456	1	0	410	410	2147480832	正常
20100126	8456	多头	20100127	8314	1	0	-710	-710	2147480064	正常
20100127	8314	空头	20100128	8264	1	0	250	250	2147480320	正常
20100128	8264	多头	20100129	8288	1	0	120	120	2147480448	正常
20100129	8288	空头	20100201	8174	1	0	570	570	2147480960	正常
20100201	8174	多头	20100202	8182	1	0	40	40	2147480960	正常
20100202	8182	空头	20100203	8376	1	0	-970	-970	2147479936	正常
20100203	8376	多头	20100204	8338	1	0	-190	-190	2147479808	正常
20100204	8338	空头	20100205	8240	1	0	490	490	2147480320	正常
20100205	8240	多头	20100208	8250	1	0	50	50	2147480320	正常
20100208	8250	空头	20100209	8350	1	0	-500	-500	2147479808	正常
20100209	8350	多头	20100210	8424	1	0	370	370	2147480192	正常
20100210	8424	空头	20100211	8502	1	0	-390	-390	2147479808	正常
20100211	8502	多头	20100212	8590	1	0	440	440	2147480192	正常
20100212	8590	空头	20100222	8682	1	0	-460	-460	2147479680	正常
20100222	8682	多头	20100223	8708	1	0	130	130	2147479808	正常
20100223	8708	空头	20100224	8702	1	0	30	30	2147479808	正常
20100224	8702	多头	20100225	8604	1	0	-490	-490	2147479296	正常
20100225	8604	空头	20100226	8654	1	0	-250	-250	2147479040	正常
20100226	8654	多头	20100301	8650	1	0	-20	-20	2147479040	正常
20100301	8650	空头	20100302	8586	1	0	320	320	2147479296	正常
20100302	8586	多头	20100303	8546	1	0	-200	-200	2147479040	正常
20100303	8546	空头	20100304	8470	1	0	380	380	2147479424	正常
20100304	8470	多头	20100305	8536	1	0	330	330	2147479808	正常
20100305	8536	空头	20100308	8678	1	0	-710	-710	2147479040	正常
20100308	8678	多头	20100309	8694	1	0	80	80	2147479168	正常
20100309	8694	空头	20100310	8652	1	0	210	210	2147479424	正常
20100310	8652	多头	20100311	8544	1	0	-540	-540	2147478912	正常
20100311	8544	空头	20100312	8580	1	0	-180	-180	2147478784	正常
20100312	8580	多头	20100315	8366	1	0	-1070	-1070	2147477760	正常
20100315	8366	空头	20100316	8368	1	0	-10	-10	2147477760	正常
20100316	8368	多头	20100317	8508	1	0	700	700	2147478400	正常
20100317	8508	空头	20100318	8468	1	0	200	200	2147478656	正常
20100318	8468	多头	20100319	8468	1	0	0	0	2147478656	正常
20100319	8468	空头	20100322	8450	1	0	90	90	2147478784	正常
20100322	8450	多头	20100323	8406	1	0	-220	-220	2147478528	正常
20100323	8406	空头	20100324	8446	1	0	-200	-200	2147478272	正常
20100324	8446	多头	20100325	8456	1	0	50	50	2147478272	正常
20100325	8456	空头	20100326	8564	1	0	-540	-540	2147477760	正常
20100326	8564	多头	20100329	8628	1	0	320	320	2147478016	正常
20100329	8628	空头	20100330	8598	1	0	150	150	2147478144	正常
20100330	8598	多头	20100331	8556	1	0	-210	-210	2147477888	正常
20100331	8556	空头	20100401	8622	1	0	-330	-330	2147477504	正常
20100401	8622	多头	20100402	8662	1	0	200	200	2147477760	正常
20100402	8662	空头	20100406	8736	1	0	-370	-370	2147477376	正常
20100406	8736	多头	20100407	8706	1	0	-150	-150	2147477248	正常
20100407	8706	空头	20100408	8630	1	0	380	380	2147477632	正常
20100408	8630	多头	20100409	8676	1	0	230	230	2147477888	正常
20100409	8676	空头	20100412	8672	1	0	20	20	2147477888	正常
20100412	8672	多头	20100413	8632	1	0	-200	-200	2147477632	正常
20100413	8632	空头	20100414	8640	1	0	-40	-40	2147477632	正常
20100414	8640	多头	20100415	8650	1	0	50	50	2147477632	正常
20100415	8650	空头	20100416	8622	1	0	140	140	2147477760	正常
20100416	8622	多头	20100419	8466	1	0	-780	-780	2147476992	正常
20100419	8466	空头	20100420	8544	1	0	-390	-390	2147476608	正常
20100420	8544	多头	20100421	8552	1	0	40	40	2147476608	正常
20100421	8552	空头	20100422	8518	1	0	170	170	2147476736	正常
20100422	8518	多头	20100423	8542	1	0	120	120	2147476864	正常
20100423	8542	空头	20100426	8554	1	0	-60	-60	2147476864	正常
20100426	8554	多头	20100427	8478	1	0	-380	-380	2147476480	正常
20100427	8478	空头	20100428	8430	1	0	240	240	2147476736	正常
20100428	8430	多头	20100429	8386	1	0	-220	-220	2147476480	正常
20100429	8386	空头	20100430	8400	1	0	-70	-70	2147476352	正常
20100430	8400	多头	20100504	8350	1	0	-250	-250	2147476096	正常
20100504	8350	空头	20100505	8284	1	0	330	330	2147476480	正常
20100505	8284	多头	20100506	8206	1	0	-390	-390	2147476096	正常
20100506	8206	空头	20100507	8036	1	0	850	850	2147476992	正常
20100507	8036	多头	20100510	8096	1	0	300	300	2147477248	正常
20100510	8096	空头	20100511	8042	1	0	270	270	2147477504	正常
20100511	8042	多头	20100512	8092	1	0	250	250	2147477760	正常
20100512	8092	空头	20100513	8058	1	0	170	170	2147477888	正常
20100513	8058	多头	20100514	7820	1	0	-1190	-1190	2147476736	正常
20100514	7820	空头	20100517	7570	1	0	1250	1250	2147478016	正常
20100517	7570	多头	20100518	7632	1	0	310	310	2147478272	正常
20100518	7632	空头	20100519	7570	1	0	310	310	2147478528	正常
20100519	7570	多头	20100520	7592	1	0	110	110	2147478656	正常
20100520	7592	空头	20100521	7472	1	0	600	600	2147479296	正常
20100521	7472	多头	20100524	7552	1	0	400	400	2147479680	正常
20100524	7552	空头	20100525	7322	1	0	1150	1150	2147480832	正常
20100525	7322	多头	20100526	7394	1	0	360	360	2147481216	正常
20100526	7394	空头	20100527	7526	1	0	-660	-660	2147480576	正常
20100527	7526	多头	20100528	7586	1	0	300	300	2147480832	正常
20100528	7586	空头	20100531	7584	1	0	10	10	2147480832	正常
20100531	7584	多头	20100601	7472	1	0	-560	-560	2147480320	正常
20100601	7472	空头	20100602	7440	1	0	160	160	2147480448	正常
20100602	7440	多头	20100603	7458	1	0	90	90	2147480576	正常
20100603	7458	空头	20100604	7386	1	0	360	360	2147480960	正常
20100604	7386	多头	20100607	7090	1	0	-1480	-1480	2147479424	正常
20100607	7090	空头	20100608	7116	1	0	-130	-130	2147479296	正常
20100608	7116	多头	20100609	7214	1	0	490	490	2147479808	正常
20100609	7214	空头	20100610	7220	1	0	-30	-30	2147479808	正常
20100610	7220	多头	20100611	7256	1	0	180	180	2147479936	正常
20100611	7256	空头	20100617	7300	1	0	-220	-220	2147479680	正常
20100617	7300	多头	20100618	7292	1	0	-40	-40	2147479680	正常
20100618	7292	空头	20100621	7484	1	0	-960	-960	2147478784	正常
20100621	7484	多头	20100622	7452	1	0	-160	-160	2147478656	正常
20100622	7452	空头	20100623	7384	1	0	340	340	2147479040	正常
20100623	7384	多头	20100624	7414	1	0	150	150	2147479168	正常
20100624	7414	空头	20100625	7388	1	0	130	130	2147479296	正常
20100625	7388	多头	20100628	7426	1	0	190	190	2147479424	正常
20100628	7426	空头	20100629	7304	1	0	610	610	2147480064	正常
20100629	7304	多头	20100630	7272	1	0	-160	-160	2147479936	正常
20100630	7272	空头	20100701	7144	1	0	640	640	2147480576	正常
20100701	7144	多头	20100702	7202	1	0	290	290	2147480832	正常
20100702	7202	空头	20100705	7216	1	0	-70	-70	2147480704	正常
20100705	7216	多头	20100706	7180	1	0	-180	-180	2147480576	正常
20100706	7180	空头	20100707	7188	1	0	-40	-40	2147480576	正常
20100707	7188	多头	20100708	7242	1	0	270	270	2147480832	正常
20100708	7242	空头	20100709	7294	1	0	-260	-260	2147480576	正常
20100709	7294	多头	20100712	7192	1	0	-510	-510	2147480064	正常
20100712	7192	空头	20100713	7098	1	0	470	470	2147480576	正常
20100713	7098	多头	20100714	7140	1	0	210	210	2147480832	正常
20100714	7140	空头	20100715	6964	1	0	880	880	2147481728	正常
20100715	6964	多头	20100716	6986	1	0	110	110	2147481856	正常
20100716	6986	空头	20100719	7036	1	0	-250	-250	2147481600	正常
20100719	7036	多头	20100720	7106	1	0	350	350	2147481984	正常
20100720	7106	空头	20100721	7072	1	0	170	170	2147482112	正常
20100721	7072	多头	20100722	7130	1	0	290	290	2147482368	正常
20100722	7130	空头	20100723	7200	1	0	-350	-350	2147481984	正常
20100723	7200	多头	20100726	7260	1	0	300	300	2147482240	正常
20100726	7260	空头	20100727	7190	1	0	350	350	2147482624	正常
20100727	7190	多头	20100728	7220	1	0	150	150	2147482752	正常
20100728	7220	空头	20100729	7196	1	0	120	120	2147482880	正常
20100729	7196	多头	20100730	7234	1	0	190	190	2147483008	正常
20100730	7234	空头	20100802	7332	1	0	-490	-490	2147482496	正常
20100802	7332	多头	20100803	7336	1	0	20	20	2147482496	正常
20100803	7336	空头	20100804	7344	1	0	-40	-40	2147482496	正常
20100804	7344	多头	20100805	7244	1	0	-500	-500	2147481984	正常
20100805	7244	空头	20100806	7260	1	0	-80	-80	2147481856	正常
20100806	7260	多头	20100809	7332	1	0	360	360	2147482240	正常
20100809	7332	空头	20100810	7272	1	0	300	300	2147482496	正常
20100810	7272	多头	20100811	7274	1	0	10	10	2147482496	正常
20100811	7274	空头	20100812	7224	1	0	250	250	2147482752	正常
20100812	7224	多头	20100813	7296	1	0	360	360	2147483136	正常
20100813	7296	空头	20100816	7436	1	0	-700	-700	2147482496	正常
20100816	7436	多头	20100817	7432	1	0	-20	-20	2147482496	正常
20100817	7432	空头	20100818	7414	1	0	90	90	2147482624	正常
20100818	7414	多头	20100819	7478	1	0	320	320	2147482880	正常
20100819	7478	空头	20100820	7340	1	0	690	690	2147483520	正常
20100820	7340	多头	20100823	7258	1	0	-410	-410	2147483136	正常
20100823	7258	空头	20100824	7218	1	0	200	200	2147483392	正常
20100824	7218	多头	20100825	7288	1	0	350	350	2147483648	正常
20100825	7288	空头	20100826	7340	1	0	-260	-260	2147483392	正常
20100826	7340	多头	20100827	7346	1	0	30	30	2147483392	正常
20100827	7346	空头	20100830	7382	1	0	-180	-180	2147483264	正常
20100830	7382	多头	20100831	7270	1	0	-560	-560	2147482752	正常
20100831	7270	空头	20100901	7318	1	0	-240	-240	2147482496	正常
20100901	7318	多头	20100902	7380	1	0	310	310	2147482752	正常
20100902	7380	空头	20100903	7350	1	0	150	150	2147482880	正常
20100903	7350	多头	20100906	7384	1	0	170	170	2147483008	正常
20100906	7384	空头	20100907	7404	1	0	-100	-100	2147482880	正常
20100907	7404	多头	20100908	7410	1	0	30	30	2147482880	正常
20100908	7410	空头	20100909	7396	1	0	70	70	2147483008	正常
20100909	7396	多头	20100910	7430	1	0	170	170	2147483136	正常
20100910	7430	空头	20100913	7418	1	0	60	60	2147483136	正常
20100913	7418	多头	20100914	7420	1	0	10	10	2147483136	正常
20100914	7420	空头	20100915	8430	1	0	-5050	-5050	2147478144	正常
20100915	8430	多头	20100916	8380	1	0	-250	-250	2147477888	正常
20100916	8380	空头	20100917	8406	1	0	-130	-130	2147477760	正常
20100917	8406	多头	20100920	8468	1	0	310	310	2147478016	正常
20100920	8468	空头	20100921	8420	1	0	240	240	2147478272	正常
20100921	8420	多头	20100927	8632	1	0	1060	1060	2147479296	正常
20100927	8632	空头	20100928	8664	1	0	-160	-160	2147479168	正常
20100928	8664	多头	20100929	8600	1	0	-320	-320	2147478784	正常
20100929	8600	空头	20100930	8620	1	0	-100	-100	2147478656	正常
20100930	8620	多头	20101008	8720	1	0	500	500	2147479168	正常
20101008	8720	空头	20101011	8894	1	0	-870	-870	2147478272	正常
20101011	8894	多头	20101012	8922	1	0	140	140	2147478400	正常
20101012	8922	空头	20101013	8966	1	0	-220	-220	2147478144	正常
20101013	8966	多头	20101014	9068	1	0	510	510	2147478656	正常
20101014	9068	空头	20101015	9070	1	0	-10	-10	2147478656	正常
20101015	9070	多头	20101018	9002	1	0	-340	-340	2147478272	正常
20101018	9002	空头	20101019	8948	1	0	270	270	2147478528	正常
20101019	8948	多头	20101020	8902	1	0	-230	-230	2147478272	正常
20101020	8902	空头	20101021	8910	1	0	-40	-40	2147478272	正常
20101021	8910	多头	20101022	8938	1	0	140	140	2147478400	正常
20101022	8938	空头	20101025	9210	1	0	-1360	-1360	2147476992	正常
20101025	9210	多头	20101026	9174	1	0	-180	-180	2147476864	正常
20101026	9174	空头	20101027	9184	1	0	-50	-50	2147476864	正常
20101027	9184	多头	20101028	9268	1	0	420	420	2147477248	正常
20101028	9268	空头	20101029	9190	1	0	390	390	2147477632	正常
20101029	9190	多头	20101101	9352	1	0	810	810	2147478400	正常
20101101	9352	空头	20101102	9344	1	0	40	40	2147478400	正常
20101102	9344	多头	20101103	9372	1	0	140	140	2147478528	正常
20101103	9372	空头	20101104	9762	1	0	-1950	-1950	2147476608	正常
20101104	9762	多头	20101105	10164	1	0	2010	2010	2147478656	正常
20101105	10164	空头	20101108	10730	1	0	-2830	-2830	2147475840	正常
20101108	10730	多头	20101110	11268	1	0	2690	2690	2147478528	正常
20101110	11268	空头	20101111	11034	1	0	1170	1170	2147479680	正常
20101111	11034	多头	20101112	10786	1	0	-1240	-1240	2147478400	正常
20101112	10786	空头	20101115	10070	1	0	3580	3580	2147481984	正常
20101115	10070	多头	20101116	10492	1	0	2110	2110	2147484160	正常
20101116	10492	空头	20101117	9898	1	0	2970	2970	2147487232	正常
20101117	9898	多头	20101118	10178	1	0	1400	1400	2147488512	正常
20101118	10178	空头	20101119	10150	1	0	140	140	2147488768	正常
20101119	10150	多头	20101122	10086	1	0	-320	-320	2147488512	正常
20101122	10086	空头	20101123	9850	1	0	1180	1180	2147489792	正常
20101123	9850	多头	20101124	9926	1	0	380	380	2147490048	正常
20101124	9926	空头	20101125	9822	1	0	520	520	2147490560	正常
20101125	9822	多头	20101126	9560	1	0	-1310	-1310	2147489280	正常
20101126	9560	空头	20101129	9574	1	0	-70	-70	2147489280	正常
20101129	9574	多头	20101130	9476	1	0	-490	-490	2147488768	正常
20101130	9476	空头	20101201	9516	1	0	-200	-200	2147488512	正常
20101201	9516	多头	20101202	9660	1	0	720	720	2147489280	正常
20101202	9660	空头	20101203	9728	1	0	-340	-340	2147489024	正常
20101203	9728	多头	20101206	9802	1	0	370	370	2147489280	正常
20101206	9802	空头	20101207	9768	1	0	170	170	2147489536	正常
20101207	9768	多头	20101208	9664	1	0	-520	-520	2147489024	正常
20101208	9664	空头	20101209	9738	1	0	-370	-370	2147488768	正常
20101209	9738	多头	20101210	9770	1	0	160	160	2147489024	正常
20101210	9770	空头	20101213	10060	1	0	-1450	-1450	2147487488	正常
20101213	10060	多头	20101214	10092	1	0	160	160	2147487744	正常
20101214	10092	空头	20101215	9948	1	0	720	720	2147488512	正常
20101215	9948	多头	20101216	9948	1	0	0	0	2147488512	正常
20101216	9948	空头	20101217	10026	1	0	-390	-390	2147488000	正常
20101217	10026	多头	20101220	10070	1	0	220	220	2147488256	正常
20101220	10070	空头	20101221	10230	1	0	-800	-800	2147487488	正常
20101221	10230	多头	20101222	10130	1	0	-500	-500	2147486976	正常
20101222	10130	空头	20101223	10228	1	0	-490	-490	2147486464	正常
20101223	10228	多头	20101224	10506	1	0	1390	1390	2147487744	正常
20101224	10506	空头	20101227	10614	1	0	-540	-540	2147487232	正常
20101227	10614	多头	20101228	10476	1	0	-690	-690	2147486464	正常
20101228	10476	空头	20101229	10460	1	0	80	80	2147486464	正常
20101229	10460	多头	20101230	10592	1	0	660	660	2147487232	正常
20101230	10592	空头	20101231	10580	1	0	60	60	2147487232	正常
20101231	10580	多头	20110104	10838	1	0	1290	1290	2147488512	正常
20110104	10838	空头	20110105	10800	1	0	190	190	2147488768	正常
20110105	10800	多头	20110106	10966	1	0	830	830	2147489536	正常
20110106	10966	空头	20110107	10632	1	0	1670	1670	2147491328	正常
20110107	10632	多头	20110110	10666	1	0	170	170	2147491584	正常
20110110	10666	空头	20110111	10682	1	0	-80	-80	2147491584	正常
20110111	10682	多头	20110112	10886	1	0	1020	1020	2147492608	正常
20110112	10886	空头	20110113	10992	1	0	-530	-530	2147492096	正常
20110113	10992	多头	20110114	11048	1	0	280	280	2147492352	正常
20110114	11048	空头	20110117	10996	1	0	260	260	2147492608	正常
20110117	10996	多头	20110118	11176	1	0	900	900	2147493632	正常
20110118	11176	空头	20110119	11212	1	0	-180	-180	2147493376	正常
20110119	11212	多头	20110120	11058	1	0	-770	-770	2147492608	正常
20110120	11058	空头	20110121	11174	1	0	-580	-580	2147492096	正常
20110121	11174	多头	20110124	11784	1	0	3050	3050	2147495168	正常
20110124	11784	空头	20110125	11492	1	0	1460	1460	2147496704	正常
20110125	11492	多头	20110126	11662	1	0	850	850	2147497472	正常
20110126	11662	空头	20110127	11700	1	0	-190	-190	2147497216	正常
20110127	11700	多头	20110128	11658	1	0	-210	-210	2147496960	正常
20110128	11658	空头	20110131	12002	1	0	-1720	-1720	2147495168	正常
20110131	12002	多头	20110201	12198	1	0	980	980	2147496192	正常
20110201	12198	空头	20110209	12104	1	0	470	470	2147496704	正常
20110209	12104	多头	20110210	12336	1	0	1160	1160	2147497984	正常
20110210	12336	空头	20110211	12232	1	0	520	520	2147498496	正常
20110211	12232	多头	20110214	12100	1	0	-660	-660	2147497728	正常
20110214	12100	空头	20110215	12274	1	0	-870	-870	2147496960	正常
20110215	12274	多头	20110216	12282	1	0	40	40	2147496960	正常
20110216	12282	空头	20110217	12210	1	0	360	360	2147497216	正常
20110217	12210	多头	20110218	12006	1	0	-1020	-1020	2147496192	正常
20110218	12006	空头	20110221	11966	1	0	200	200	2147496448	正常
20110221	11966	多头	20110222	12016	1	0	250	250	2147496704	正常
20110222	12016	空头	20110223	11742	1	0	1370	1370	2147497984	正常
20110223	11742	多头	20110224	11608	1	0	-670	-670	2147497216	正常
20110224	11608	空头	20110225	11580	1	0	140	140	2147497472	正常
20110225	11580	多头	20110228	11964	1	0	1920	1920	2147499520	正常
20110228	11964	空头	20110301	12030	1	0	-330	-330	2147499264	正常
20110301	12030	多头	20110302	12058	1	0	140	140	2147499520	正常
20110302	12058	空头	20110303	11990	1	0	340	340	2147499776	正常
20110303	11990	多头	20110304	11932	1	0	-290	-290	2147499520	正常
20110304	11932	空头	20110307	12036	1	0	-520	-520	2147499008	正常
20110307	12036	多头	20110308	11594	1	0	-2210	-2210	2147496704	正常
20110308	11594	空头	20110309	11656	1	0	-310	-310	2147496448	正常
20110309	11656	多头	20110310	11260	1	0	-1980	-1980	2147494400	正常
20110310	11260	空头	20110311	11024	1	0	1180	1180	2147495680	正常
20110311	11024	多头	20110314	11000	1	0	-120	-120	2147495680	正常
20110314	11000	空头	20110315	10950	1	0	250	250	2147495936	正常
20110315	10950	多头	20110316	11066	1	0	580	580	2147496448	正常
20110316	11066	空头	20110317	11184	1	0	-590	-590	2147495936	正常
20110317	11184	多头	20110318	11540	1	0	1780	1780	2147497728	正常
20110318	11540	空头	20110321	11514	1	0	130	130	2147497984	正常
20110321	11514	多头	20110322	11478	1	0	-180	-180	2147497728	正常
20110322	11478	空头	20110323	11594	1	0	-580	-580	2147497216	正常
20110323	11594	多头	20110324	11584	1	0	-50	-50	2147497216	正常
20110324	11584	空头	20110325	11514	1	0	350	350	2147497472	正常
20110325	11514	多头	20110328	11132	1	0	-1910	-1910	2147495680	正常
20110328	11132	空头	20110329	11122	1	0	50	50	2147495680	正常
20110329	11122	多头	20110330	11070	1	0	-260	-260	2147495424	正常
20110330	11070	空头	20110331	10872	1	0	990	990	2147496448	正常
20110331	10872	多头	20110401	10582	1	0	-1450	-1450	2147494912	正常
20110401	10582	空头	20110406	10644	1	0	-310	-310	2147494656	正常
20110406	10644	多头	20110407	10660	1	0	80	80	2147494656	正常
20110407	10660	空头	20110408	10880	1	0	-1100	-1100	2147493632	正常
20110408	10880	多头	20110411	10976	1	0	480	480	2147494144	正常
20110411	10976	空头	20110412	10802	1	0	870	870	2147494912	正常
20110412	10802	多头	20110413	10706	1	0	-480	-480	2147494400	正常
20110413	10706	空头	20110414	10606	1	0	500	500	2147494912	正常
20110414	10606	多头	20110415	10610	1	0	20	20	2147494912	正常
20110415	10610	空头	20110418	10434	1	0	880	880	2147495680	正常
20110418	10434	多头	20110419	10274	1	0	-800	-800	2147494912	正常
20110419	10274	空头	20110420	10382	1	0	-540	-540	2147494400	正常
20110420	10382	多头	20110421	10440	1	0	290	290	2147494656	正常
20110421	10440	空头	20110422	10468	1	0	-140	-140	2147494400	正常
20110422	10468	多头	20110425	10286	1	0	-910	-910	2147493376	正常
20110425	10286	空头	20110426	10178	1	0	540	540	2147493888	正常
20110426	10178	多头	20110427	10090	1	0	-440	-440	2147493376	正常
20110427	10090	空头	20110428	10240	1	0	-750	-750	2147492608	正常
20110428	10240	多头	20110429	10218	1	0	-110	-110	2147492608	正常
20110429	10218	空头	20110503	10314	1	0	-480	-480	2147492096	正常
20110503	10314	多头	20110504	10144	1	0	-850	-850	2147491328	正常
20110504	10144	空头	20110505	9872	1	0	1360	1360	2147492608	正常
20110505	9872	多头	20110506	9568	1	0	-1520	-1520	2147491072	正常
20110506	9568	空头	20110509	9650	1	0	-410	-410	2147490560	正常
20110509	9650	多头	20110510	9622	1	0	-140	-140	2147490304	正常
20110510	9622	空头	20110511	9590	1	0	160	160	2147490560	正常
20110511	9590	多头	20110512	9318	1	0	-1360	-1360	2147489280	正常
20110512	9318	空头	20110513	9506	1	0	-940	-940	2147488256	正常
20110513	9506	多头	20110516	9392	1	0	-570	-570	2147487744	正常
20110516	9392	空头	20110517	9534	1	0	-710	-710	2147486976	正常
20110517	9534	多头	20110518	9542	1	0	40	40	2147486976	正常
20110518	9542	空头	20110519	9608	1	0	-330	-330	2147486720	正常
20110519	9608	多头	20110520	9630	1	0	110	110	2147486720	正常
20110520	9630	空头	20110523	9536	1	0	470	470	2147487232	正常
20110523	9536	多头	20110524	9484	1	0	-260	-260	2147486976	正常
20110524	9484	空头	20110525	9498	1	0	-70	-70	2147486976	正常
20110525	9498	多头	20110526	9694	1	0	980	980	2147488000	正常
20110526	9694	空头	20110527	9718	1	0	-120	-120	2147488000	正常
20110527	9718	多头	20110530	9674	1	0	-220	-220	2147487744	正常
20110530	9674	空头	20110531	9770	1	0	-480	-480	2147487232	正常
20110531	9770	多头	20110601	9738	1	0	-160	-160	2147486976	正常
20110601	9738	空头	20110602	9620	1	0	590	590	2147487488	正常
20110602	9620	多头	20110603	9746	1	0	630	630	2147488000	正常
20110603	9746	空头	20110607	9648	1	0	490	490	2147488512	正常
20110607	9648	多头	20110608	9544	1	0	-520	-520	2147488000	正常
20110608	9544	空头	20110609	9478	1	0	330	330	2147488256	正常
20110609	9478	多头	20110610	9462	1	0	-80	-80	2147488256	正常
20110610	9462	空头	20110613	9396	1	0	330	330	2147488512	正常
20110613	9396	多头	20110614	9372	1	0	-120	-120	2147488512	正常
20110614	9372	空头	20110615	9460	1	0	-440	-440	2147488000	正常
20110615	9460	多头	20110616	9362	1	0	-490	-490	2147487488	正常
20110616	9362	空头	20110617	9356	1	0	30	30	2147487488	正常
20110617	9356	多头	20110620	9284	1	0	-360	-360	2147487232	正常
20110620	9284	空头	20110621	9308	1	0	-120	-120	2147487232	正常
20110621	9308	多头	20110622	9182	1	0	-630	-630	2147486720	正常
20110622	9182	空头	20110623	9058	1	0	620	620	2147487232	正常
20110623	9058	多头	20110624	9050	1	0	-40	-40	2147487232	正常
20110624	9050	空头	20110627	8762	1	0	1440	1440	2147488768	正常
20110627	8762	多头	20110628	8776	1	0	70	70	2147488768	正常
20110628	8776	空头	20110629	8826	1	0	-250	-250	2147488512	正常
20110629	8826	多头	20110630	8888	1	0	310	310	2147488768	正常
20110630	8888	空头	20110701	8780	1	0	540	540	2147489280	正常
20110701	8780	多头	20110704	8938	1	0	790	790	2147490048	正常
20110704	8938	空头	20110705	8922	1	0	80	80	2147490048	正常
20110705	8922	多头	20110706	8978	1	0	280	280	2147490304	正常
20110706	8978	空头	20110707	8976	1	0	10	10	2147490304	正常
20110707	8976	多头	20110708	9026	1	0	250	250	2147490560	正常
20110708	9026	空头	20110711	8894	1	0	660	660	2147491328	正常
20110711	8894	多头	20110712	8814	1	0	-400	-400	2147490816	正常
20110712	8814	空头	20110713	9154	1	0	-1700	-1700	2147489024	正常
20110713	9154	多头	20110714	9228	1	0	370	370	2147489280	正常
20110714	9228	空头	20110715	9180	1	0	240	240	2147489536	正常
20110715	9180	多头	20110718	9158	1	0	-110	-110	2147489536	正常
20110718	9158	空头	20110719	9190	1	0	-160	-160	2147489280	正常
20110719	9190	多头	20110720	9280	1	0	450	450	2147489792	正常
20110720	9280	空头	20110721	9368	1	0	-440	-440	2147489280	正常
20110721	9368	多头	20110722	9372	1	0	20	20	2147489280	正常
20110722	9372	空头	20110725	9366	1	0	30	30	2147489280	正常
20110725	9366	多头	20110726	9388	1	0	110	110	2147489280	正常
20110726	9388	空头	20110727	9390	1	0	-10	-10	2147489280	正常
20110727	9390	多头	20110728	9288	1	0	-510	-510	2147488768	正常
20110728	9288	空头	20110729	9298	1	0	-50	-50	2147488768	正常
20110729	9298	多头	20110801	9514	1	0	1080	1080	2147489792	正常
20110801	9514	空头	20110802	9592	1	0	-390	-390	2147489280	正常
20110802	9592	多头	20110803	9598	1	0	30	30	2147489280	正常
20110803	9598	空头	20110804	9622	1	0	-120	-120	2147489280	正常
20110804	9622	多头	20110805	9490	1	0	-660	-660	2147488512	正常
20110805	9490	空头	20110808	9554	1	0	-320	-320	2147488256	正常
20110808	9554	多头	20110809	9348	1	0	-1030	-1030	2147487232	正常
20110809	9348	空头	20110810	9498	1	0	-750	-750	2147486464	正常
20110810	9498	多头	20110811	9616	1	0	590	590	2147486976	正常
20110811	9616	空头	20110812	9722	1	0	-530	-530	2147486464	正常
20110812	9722	多头	20110815	9802	1	0	400	400	2147486976	正常
20110815	9802	空头	20110816	9704	1	0	490	490	2147487488	正常
20110816	9704	多头	20110817	10010	1	0	1530	1530	2147489024	正常
20110817	10010	空头	20110818	9968	1	0	210	210	2147489280	正常
20110818	9968	多头	20110819	10008	1	0	200	200	2147489536	正常
20110819	10008	空头	20110822	10006	1	0	10	10	2147489536	正常
20110822	10006	多头	20110823	10160	1	0	770	770	2147490304	正常
20110823	10160	空头	20110824	10138	1	0	110	110	2147490304	正常
20110824	10138	多头	20110825	10116	1	0	-110	-110	2147490304	正常
20110825	10116	空头	20110826	10066	1	0	250	250	2147490560	正常
20110826	10066	多头	20110829	10100	1	0	170	170	2147490816	正常
20110829	10100	空头	20110830	10258	1	0	-790	-790	2147490048	正常
20110830	10258	多头	20110831	10290	1	0	160	160	2147490304	正常
20110831	10290	空头	20110901	10298	1	0	-40	-40	2147490304	正常
20110901	10298	多头	20110902	10378	1	0	400	400	2147490816	正常
20110902	10378	空头	20110905	10490	1	0	-560	-560	2147490304	正常
20110905	10490	多头	20110906	10478	1	0	-60	-60	2147490304	正常
20110906	10478	空头	20110907	10548	1	0	-350	-350	2147490048	正常
20110907	10548	多头	20110908	10580	1	0	160	160	2147490304	正常
20110908	10580	空头	20110909	10616	1	0	-180	-180	2147490048	正常
20110909	10616	多头	20110913	10746	1	0	650	650	2147490816	正常
20110913	10746	空头	20110914	10750	1	0	-20	-20	2147490816	正常
20110914	10750	多头	20110915	10650	1	0	-500	-500	2147490304	正常
20110915	10650	空头	20110916	9802	1	0	4240	4240	2147494656	正常
20110916	9802	多头	20110919	9672	1	0	-650	-650	2147493888	正常
20110919	9672	空头	20110920	9628	1	0	220	220	2147494144	正常
20110920	9628	多头	20110921	9628	1	0	0	0	2147494144	正常
20110921	9628	空头	20110922	9320	1	0	1540	1540	2147495680	正常
20110922	9320	多头	20110923	9154	1	0	-830	-830	2147494912	正常
20110923	9154	空头	20110926	8664	1	0	2450	2450	2147497472	正常
20110926	8664	多头	20110927	8846	1	0	910	910	2147498496	正常
20110927	8846	空头	20110928	8650	1	0	980	980	2147499520	正常
20110928	8650	多头	20110929	8390	1	0	-1300	-1300	2147498240	正常
20110929	8390	空头	20110930	8598	1	0	-1040	-1040	2147497216	正常
20110930	8598	多头	20111010	8666	1	0	340	340	2147497472	正常
20111010	8666	空头	20111011	8690	1	0	-120	-120	2147497472	正常
20111011	8690	多头	20111012	8800	1	0	550	550	2147497984	正常
20111012	8800	空头	20111013	8666	1	0	670	670	2147498752	正常
20111013	8666	多头	20111014	8706	1	0	200	200	2147499008	正常
20111014	8706	空头	20111017	8680	1	0	130	130	2147499264	正常
20111017	8680	多头	20111018	8320	1	0	-1800	-1800	2147497472	正常
20111018	8320	空头	20111019	8338	1	0	-90	-90	2147497472	正常
20111019	8338	多头	20111020	7900	1	0	-2190	-2190	2147495168	正常
20111020	7900	空头	20111021	8008	1	0	-540	-540	2147494656	正常
20111021	8008	多头	20111024	8438	1	0	2150	2150	2147496704	正常
20111024	8438	空头	20111025	8534	1	0	-480	-480	2147496192	正常
20111025	8534	多头	20111026	8736	1	0	1010	1010	2147497216	正常
20111026	8736	空头	20111027	8810	1	0	-370	-370	2147496960	正常
20111027	8810	多头	20111028	8832	1	0	110	110	2147496960	正常
20111028	8832	空头	20111031	8494	1	0	1690	1690	2147498752	正常
20111031	8494	多头	20111101	8448	1	0	-230	-230	2147498496	正常
20111101	8448	空头	20111102	8484	1	0	-180	-180	2147498240	正常
20111102	8484	多头	20111103	8290	1	0	-970	-970	2147497216	正常
20111103	8290	空头	20111104	8490	1	0	-1000	-1000	2147496192	正常
20111104	8490	多头	20111107	8200	1	0	-1450	-1450	2147494656	正常
20111107	8200	空头	20111108	8236	1	0	-180	-180	2147494400	正常
20111108	8236	多头	20111109	8308	1	0	360	360	2147494656	正常
20111109	8308	空头	20111110	7996	1	0	1560	1560	2147496192	正常
20111110	7996	多头	20111111	8098	1	0	510	510	2147496704	正常
20111111	8098	空头	20111114	8274	1	0	-880	-880	2147495936	正常
20111114	8274	多头	20111115	8130	1	0	-720	-720	2147495168	正常
20111115	8130	空头	20111116	8050	1	0	400	400	2147495680	正常
20111116	8050	多头	20111117	8080	1	0	150	150	2147495936	正常
20111117	8080	空头	20111118	8080	1	0	0	0	2147495936	正常
20111118	8080	多头	20111121	8024	1	0	-280	-280	2147495680	正常
20111121	8024	空头	20111122	8136	1	0	-560	-560	2147495168	正常
20111122	8136	多头	20111123	8054	1	0	-410	-410	2147494656	正常
20111123	8054	空头	20111124	7940	1	0	570	570	2147495168	正常
20111124	7940	多头	20111125	7874	1	0	-330	-330	2147494912	正常
20111125	7874	空头	20111128	7960	1	0	-430	-430	2147494400	正常
20111128	7960	多头	20111129	8060	1	0	500	500	2147494912	正常
20111129	8060	空头	20111130	8018	1	0	210	210	2147495168	正常
20111130	8018	多头	20111201	8268	1	0	1250	1250	2147496448	正常
20111201	8268	空头	20111202	8270	1	0	-10	-10	2147496448	正常
20111202	8270	多头	20111205	8390	1	0	600	600	2147496960	正常
20111205	8390	空头	20111206	8400	1	0	-50	-50	2147496960	正常
20111206	8400	多头	20111207	8408	1	0	40	40	2147496960	正常
20111207	8408	空头	20111208	8372	1	0	180	180	2147497216	正常
20111208	8372	多头	20111209	8368	1	0	-20	-20	2147497216	正常
20111209	8368	空头	20111212	8284	1	0	420	420	2147497728	正常
20111212	8284	多头	20111213	8212	1	0	-360	-360	2147497472	正常
20111213	8212	空头	20111214	8210	1	0	10	10	2147497472	正常
20111214	8210	多头	20111215	8106	1	0	-520	-520	2147496960	正常
20111215	8106	空头	20111216	8176	1	0	-350	-350	2147496704	正常
20111216	8176	多头	20111219	8122	1	0	-270	-270	2147496448	正常
20111219	8122	空头	20111220	8150	1	0	-140	-140	2147496192	正常
20111220	8150	多头	20111221	8228	1	0	390	390	2147496704	正常
20111221	8228	空头	20111222	8232	1	0	-20	-20	2147496704	正常
20111222	8232	多头	20111223	8264	1	0	160	160	2147496960	正常
20111223	8264	空头	20111226	8190	1	0	370	370	2147497216	正常
20111226	8190	多头	20111227	8196	1	0	30	30	2147497216	正常
20111227	8196	空头	20111228	8236	1	0	-200	-200	2147496960	正常
20111228	8236	多头	20111229	8230	1	0	-30	-30	2147496960	正常
20111229	8230	空头	20111230	8348	1	0	-590	-590	2147496448	正常
20111230	8348	多头	20120104	8406	1	0	290	290	2147496704	正常
20120104	8406	空头	20120105	8506	1	0	-500	-500	2147496192	正常
20120105	8506	多头	20120106	8542	1	0	180	180	2147496448	正常
20120106	8542	空头	20120109	8574	1	0	-160	-160	2147496192	正常
20120109	8574	多头	20120110	8556	1	0	-90	-90	2147496192	正常
20120110	8556	空头	20120111	8552	1	0	20	20	2147496192	正常
20120111	8552	多头	20120112	8510	1	0	-210	-210	2147495936	正常
20120112	8510	空头	20120113	8526	1	0	-80	-80	2147495936	正常
20120113	8526	多头	20120116	8578	1	0	260	260	2147496192	正常
20120116	8578	空头	20120117	8714	1	0	-680	-680	2147495424	正常
20120117	8714	多头	20120118	8748	1	0	170	170	2147495680	正常
20120118	8748	空头	20120119	8772	1	0	-120	-120	2147495680	正常
20120119	8772	多头	20120120	8872	1	0	500	500	2147496192	正常
20120120	8872	空头	20120130	8960	1	0	-440	-440	2147495680	正常
20120130	8960	多头	20120131	9040	1	0	400	400	2147496192	正常
20120131	9040	空头	20120201	8976	1	0	320	320	2147496448	正常
20120201	8976	多头	20120202	8906	1	0	-350	-350	2147496192	正常
20120202	8906	空头	20120203	8946	1	0	-200	-200	2147495936	正常
20120203	8946	多头	20120206	9060	1	0	570	570	2147496448	正常
20120206	9060	空头	20120207	8984	1	0	380	380	2147496704	正常
20120207	8984	多头	20120208	9112	1	0	640	640	2147497472	正常
20120208	9112	空头	20120209	9036	1	0	380	380	2147497728	正常
20120209	9036	多头	20120210	9044	1	0	40	40	2147497728	正常
20120210	9044	空头	20120213	9014	1	0	150	150	2147497984	正常
20120213	9014	多头	20120214	8998	1	0	-80	-80	2147497984	正常
20120214	8998	空头	20120215	8904	1	0	470	470	2147498496	正常
20120215	8904	多头	20120216	8736	1	0	-840	-840	2147497728	正常
20120216	8736	空头	20120217	8806	1	0	-350	-350	2147497472	正常
20120217	8806	多头	20120220	8824	1	0	90	90	2147497472	正常
20120220	8824	空头	20120221	8880	1	0	-280	-280	2147497216	正常
20120221	8880	多头	20120222	8894	1	0	70	70	2147497216	正常
20120222	8894	空头	20120223	8850	1	0	220	220	2147497472	正常
20120223	8850	多头	20120224	8860	1	0	50	50	2147497472	正常
20120224	8860	空头	20120227	8996	1	0	-680	-680	2147496704	正常
20120227	8996	多头	20120228	9060	1	0	320	320	2147496960	正常
20120228	9060	空头	20120229	9070	1	0	-50	-50	2147496960	正常
20120229	9070	多头	20120301	9034	1	0	-180	-180	2147496704	正常
20120301	9034	空头	20120302	9174	1	0	-700	-700	2147495936	正常
20120302	9174	多头	20120305	9152	1	0	-110	-110	2147495936	正常
20120305	9152	空头	20120306	9056	1	0	480	480	2147496448	正常
20120306	9056	多头	20120307	8952	1	0	-520	-520	2147495936	正常
20120307	8952	空头	20120308	8980	1	0	-140	-140	2147495680	正常
20120308	8980	多头	20120309	9028	1	0	240	240	2147495936	正常
20120309	9028	空头	20120312	8894	1	0	670	670	2147496704	正常
20120312	8894	多头	20120313	8946	1	0	260	260	2147496960	正常
20120313	8946	空头	20120314	8916	1	0	150	150	2147497216	正常
20120314	8916	多头	20120315	8826	1	0	-450	-450	2147496704	正常
20120315	8826	空头	20120316	8752	1	0	370	370	2147496960	正常
20120316	8752	多头	20120319	8638	1	0	-570	-570	2147496448	正常
20120319	8638	空头	20120320	8646	1	0	-40	-40	2147496448	正常
20120320	8646	多头	20120321	8670	1	0	120	120	2147496448	正常
20120321	8670	空头	20120322	8668	1	0	10	10	2147496448	正常
20120322	8668	多头	20120323	8712	1	0	220	220	2147496704	正常
20120323	8712	空头	20120326	8716	1	0	-20	-20	2147496704	正常
20120326	8716	多头	20120327	8762	1	0	230	230	2147496960	正常
20120327	8762	空头	20120328	8772	1	0	-50	-50	2147496960	正常
20120328	8772	多头	20120329	8684	1	0	-440	-440	2147496448	正常
20120329	8684	空头	20120330	8646	1	0	190	190	2147496704	正常
20120330	8646	多头	20120405	8636	1	0	-50	-50	2147496704	正常
20120405	8636	空头	20120406	8638	1	0	-10	-10	2147496704	正常
20120406	8638	多头	20120409	8558	1	0	-400	-400	2147496192	正常
20120409	8558	空头	20120410	8600	1	0	-210	-210	2147495936	正常
20120410	8600	多头	20120411	8550	1	0	-250	-250	2147495680	正常
20120411	8550	空头	20120412	8594	1	0	-220	-220	2147495424	正常
20120412	8594	多头	20120413	8602	1	0	40	40	2147495424	正常
20120413	8602	空头	20120416	8652	1	0	-250	-250	2147495168	正常
20120416	8652	多头	20120417	8670	1	0	90	90	2147495168	正常
20120417	8670	空头	20120418	8722	1	0	-260	-260	2147494912	正常
20120418	8722	多头	20120419	8692	1	0	-150	-150	2147494656	正常
20120419	8692	空头	20120420	8684	1	0	40	40	2147494656	正常
20120420	8684	多头	20120423	8562	1	0	-610	-610	2147494144	正常
20120423	8562	空头	20120424	8564	1	0	-10	-10	2147494144	正常
20120424	8564	多头	20120425	8530	1	0	-170	-170	2147493888	正常
20120425	8530	空头	20120426	8564	1	0	-170	-170	2147493632	正常
20120426	8564	多头	20120427	8562	1	0	-10	-10	2147493632	正常
20120427	8562	空头	20120502	8604	1	0	-210	-210	2147493376	正常
20120502	8604	多头	20120503	8614	1	0	50	50	2147493376	正常
20120503	8614	空头	20120504	8622	1	0	-40	-40	2147493376	正常
20120504	8622	多头	20120507	8474	1	0	-740	-740	2147492608	正常
20120507	8474	空头	20120508	8468	1	0	30	30	2147492608	正常
20120508	8468	多头	20120509	8436	1	0	-160	-160	2147492352	正常
20120509	8436	空头	20120510	8452	1	0	-80	-80	2147492352	正常
20120510	8452	多头	20120511	8306	1	0	-730	-730	2147491584	正常
20120511	8306	空头	20120514	8230	1	0	380	380	2147491840	正常
20120514	8230	多头	20120515	8168	1	0	-310	-310	2147491584	正常
20120515	8168	空头	20120516	8110	1	0	290	290	2147491840	正常
20120516	8110	多头	20120517	8236	1	0	630	630	2147492352	正常
20120517	8236	空头	20120518	8182	1	0	270	270	2147492608	正常
20120518	8182	多头	20120521	8210	1	0	140	140	2147492864	正常
20120521	8210	空头	20120522	8144	1	0	330	330	2147493120	正常
20120522	8144	多头	20120523	7988	1	0	-780	-780	2147492352	正常
20120523	7988	空头	20120524	8018	1	0	-150	-150	2147492096	正常
20120524	8018	多头	20120525	7980	1	0	-190	-190	2147491840	正常
20120525	7980	空头	20120528	7938	1	0	210	210	2147492096	正常
20120528	7938	多头	20120529	8036	1	0	490	490	2147492608	正常
20120529	8036	空头	20120530	7964	1	0	360	360	2147492864	正常
20120530	7964	多头	20120531	7772	1	0	-960	-960	2147491840	正常
20120531	7772	空头	20120601	7636	1	0	680	680	2147492608	正常
20120601	7636	多头	20120604	7300	1	0	-1680	-1680	2147490816	正常
20120604	7300	空头	20120605	7238	1	0	310	310	2147491072	正常
20120605	7238	多头	20120606	7238	1	0	0	0	2147491072	正常
20120606	7238	空头	20120607	7252	1	0	-70	-70	2147491072	正常
20120607	7252	多头	20120608	7024	1	0	-1140	-1140	2147490048	正常
20120608	7024	空头	20120611	7190	1	0	-830	-830	2147489280	正常
20120611	7190	多头	20120612	7020	1	0	-850	-850	2147488512	正常
20120612	7020	空头	20120613	7038	1	0	-90	-90	2147488512	正常
20120613	7038	多头	20120614	7068	1	0	150	150	2147488768	正常
20120614	7068	空头	20120615	7242	1	0	-870	-870	2147488000	正常
20120615	7242	多头	20120618	7294	1	0	260	260	2147488256	正常
20120618	7294	空头	20120619	7292	1	0	10	10	2147488256	正常
20120619	7292	多头	20120620	7292	1	0	0	0	2147488256	正常
20120620	7292	空头	20120621	7106	1	0	930	930	2147489280	正常
20120621	7106	多头	20120625	7074	1	0	-160	-160	2147489024	正常
20120625	7074	空头	20120626	7096	1	0	-110	-110	2147489024	正常
20120626	7096	多头	20120627	7102	1	0	30	30	2147489024	正常
20120627	7102	空头	20120628	7224	1	0	-610	-610	2147488512	正常
20120628	7224	多头	20120629	7326	1	0	510	510	2147489024	正常
20120629	7326	空头	20120702	7424	1	0	-490	-490	2147488512	正常
20120702	7424	多头	20120703	7590	1	0	830	830	2147489280	正常
20120703	7590	空头	20120704	7642	1	0	-260	-260	2147489024	正常
20120704	7642	多头	20120705	7712	1	0	350	350	2147489280	正常
20120705	7712	空头	20120706	7640	1	0	360	360	2147489536	正常
20120706	7640	多头	20120709	7570	1	0	-350	-350	2147489280	正常
20120709	7570	空头	20120710	7490	1	0	400	400	2147489792	正常
20120710	7490	多头	20120711	7490	1	0	0	0	2147489792	正常
20120711	7490	空头	20120712	7522	1	0	-160	-160	2147489536	正常
20120712	7522	多头	20120713	7716	1	0	970	970	2147490560	正常
20120713	7716	空头	20120716	7830	1	0	-570	-570	2147490048	正常
20120716	7830	多头	20120717	7752	1	0	-390	-390	2147489536	正常
20120717	7752	空头	20120718	7702	1	0	250	250	2147489792	正常
20120718	7702	多头	20120719	7844	1	0	710	710	2147490560	正常
20120719	7844	空头	20120720	7712	1	0	660	660	2147491328	正常
20120720	7712	多头	20120723	7526	1	0	-930	-930	2147490304	正常
20120723	7526	空头	20120724	7600	1	0	-370	-370	2147490048	正常
20120724	7600	多头	20120725	7570	1	0	-150	-150	2147489792	正常
20120725	7570	空头	20120726	7520	1	0	250	250	2147490048	正常
20120726	7520	多头	20120727	7660	1	0	700	700	2147490816	正常
20120727	7660	空头	20120730	7780	1	0	-600	-600	2147490304	正常
20120730	7780	多头	20120731	7804	1	0	120	120	2147490304	正常
20120731	7804	空头	20120801	7838	1	0	-170	-170	2147490048	正常
20120801	7838	多头	20120802	7800	1	0	-190	-190	2147489792	正常
20120802	7800	空头	20120803	7794	1	0	30	30	2147489792	正常
20120803	7794	多头	20120806	7926	1	0	660	660	2147490560	正常
20120806	7926	空头	20120807	7960	1	0	-170	-170	2147490304	正常
20120807	7960	多头	20120808	7910	1	0	-250	-250	2147490048	正常
20120808	7910	空头	20120809	7986	1	0	-380	-380	2147489792	正常
20120809	7986	多头	20120810	7910	1	0	-380	-380	2147489536	正常
20120810	7910	空头	20120813	7908	1	0	10	10	2147489536	正常
20120813	7908	多头	20120814	7872	1	0	-180	-180	2147489280	正常
20120814	7872	空头	20120815	7880	1	0	-40	-40	2147489280	正常
20120815	7880	多头	20120816	7902	1	0	110	110	2147489280	正常
20120816	7902	空头	20120817	7900	1	0	10	10	2147489280	正常
20120817	7900	多头	20120820	7902	1	0	10	10	2147489280	正常
20120820	7902	空头	20120821	7936	1	0	-170	-170	2147489024	正常
20120821	7936	多头	20120822	7914	1	0	-110	-110	2147489024	正常
20120822	7914	空头	20120823	7950	1	0	-180	-180	2147488768	正常
20120823	7950	多头	20120824	7982	1	0	160	160	2147489024	正常
20120824	7982	空头	20120827	8100	1	0	-590	-590	2147488512	正常
20120827	8100	多头	20120828	8052	1	0	-240	-240	2147488256	正常
20120828	8052	空头	20120829	8068	1	0	-80	-80	2147488256	正常
20120829	8068	多头	20120830	8130	1	0	310	310	2147488512	正常
20120830	8130	空头	20120831	8084	1	0	230	230	2147488768	正常
20120831	8084	多头	20120903	8206	1	0	610	610	2147489280	正常
20120903	8206	空头	20120904	8204	1	0	10	10	2147489280	正常
20120904	8204	多头	20120905	8110	1	0	-470	-470	2147488768	正常
20120905	8110	空头	20120906	8150	1	0	-200	-200	2147488512	正常
20120906	8150	多头	20120907	8120	1	0	-150	-150	2147488256	正常
20120907	8120	空头	20120910	8180	1	0	-300	-300	2147488000	正常
20120910	8180	多头	20120911	8192	1	0	60	60	2147488000	正常
20120911	8192	空头	20120912	8330	1	0	-690	-690	2147487232	正常
20120912	8330	多头	20120913	8400	1	0	350	350	2147487488	正常
20120913	8400	空头	20120914	8820	1	0	-2100	-2100	2147485440	正常
20120914	8820	多头	20120917	7830	1	0	-4950	-4950	2147480448	正常
20120917	7830	空头	20120918	7730	1	0	500	500	2147480960	正常
20120918	7730	多头	20120919	7776	1	0	230	230	2147481216	正常
20120919	7776	空头	20120920	7602	1	0	870	870	2147482112	正常
20120920	7602	多头	20120921	7590	1	0	-60	-60	2147482112	正常
20120921	7590	空头	20120924	7542	1	0	240	240	2147482368	正常
20120924	7542	多头	20120925	7574	1	0	160	160	2147482496	正常
20120925	7574	空头	20120926	7510	1	0	320	320	2147482880	正常
20120926	7510	多头	20120927	7530	1	0	100	100	2147483008	正常
20120927	7530	空头	20120928	7632	1	0	-510	-510	2147482496	正常
20120928	7632	多头	20121008	7456	1	0	-880	-880	2147481600	正常
20121008	7456	空头	20121009	7600	1	0	-720	-720	2147480832	正常
20121009	7600	多头	20121010	7582	1	0	-90	-90	2147480704	正常
20121010	7582	空头	20121011	7644	1	0	-310	-310	2147480448	正常
20121011	7644	多头	20121012	7614	1	0	-150	-150	2147480320	正常
20121012	7614	空头	20121015	7596	1	0	90	90	2147480448	正常
20121015	7596	多头	20121016	7668	1	0	360	360	2147480832	正常
20121016	7668	空头	20121017	7650	1	0	90	90	2147480960	正常
20121017	7650	多头	20121018	7640	1	0	-50	-50	2147480960	正常
20121018	7640	空头	20121019	7576	1	0	320	320	2147481344	正常
20121019	7576	多头	20121022	7576	1	0	0	0	2147481344	正常
20121022	7576	空头	20121023	7492	1	0	420	420	2147481728	正常
20121023	7492	多头	20121024	7560	1	0	340	340	2147482112	正常
20121024	7560	空头	20121025	7566	1	0	-30	-30	2147482112	正常
20121025	7566	多头	20121026	7540	1	0	-130	-130	2147481984	正常
20121026	7540	空头	20121029	7454	1	0	430	430	2147482368	正常
20121029	7454	多头	20121030	7432	1	0	-110	-110	2147482240	正常
20121030	7432	空头	20121031	7468	1	0	-180	-180	2147482112	正常
20121031	7468	多头	20121101	7526	1	0	290	290	2147482368	正常
20121101	7526	空头	20121102	7546	1	0	-100	-100	2147482240	正常
20121102	7546	多头	20121105	7442	1	0	-520	-520	2147481728	正常
20121105	7442	空头	20121106	7454	1	0	-60	-60	2147481728	正常
20121106	7454	多头	20121107	7562	1	0	540	540	2147482240	正常
20121107	7562	空头	20121108	7486	1	0	380	380	2147482624	正常
20121108	7486	多头	20121109	7464	1	0	-110	-110	2147482496	正常
20121109	7464	空头	20121112	7462	1	0	10	10	2147482496	正常
20121112	7462	多头	20121113	7424	1	0	-190	-190	2147482368	正常
20121113	7424	空头	20121114	7466	1	0	-210	-210	2147482112	正常
20121114	7466	多头	20121115	7444	1	0	-110	-110	2147481984	正常
20121115	7444	空头	20121116	7428	1	0	80	80	2147482112	正常
20121116	7428	多头	20121119	7456	1	0	140	140	2147482240	正常
20121119	7456	空头	20121120	7492	1	0	-180	-180	2147482112	正常
20121120	7492	多头	20121121	7518	1	0	130	130	2147482240	正常
20121121	7518	空头	20121122	7502	1	0	80	80	2147482368	正常
20121122	7502	多头	20121123	7490	1	0	-60	-60	2147482368	正常
20121123	7490	空头	20121126	7570	1	0	-400	-400	2147481984	正常
20121126	7570	多头	20121127	7588	1	0	90	90	2147482112	正常
20121127	7588	空头	20121128	7524	1	0	320	320	2147482368	正常
20121128	7524	多头	20121129	7544	1	0	100	100	2147482496	正常
20121129	7544	空头	20121130	7592	1	0	-240	-240	2147482240	正常
20121130	7592	多头	20121203	7654	1	0	310	310	2147482496	正常
20121203	7654	空头	20121204	7662	1	0	-40	-40	2147482496	正常
20121204	7662	多头	20121205	7726	1	0	320	320	2147482880	正常
20121205	7726	空头	20121206	7846	1	0	-600	-600	2147482240	正常
20121206	7846	多头	20121207	7960	1	0	570	570	2147482752	正常
20121207	7960	空头	20121210	8020	1	0	-300	-300	2147482496	正常
20121210	8020	多头	20121211	7952	1	0	-340	-340	2147482112	正常
20121211	7952	空头	20121212	7966	1	0	-70	-70	2147481984	正常
20121212	7966	多头	20121213	7874	1	0	-460	-460	2147481472	正常
20121213	7874	空头	20121214	7910	1	0	-180	-180	2147481344	正常
20121214	7910	多头	20121217	8072	1	0	810	810	2147482112	正常
20121217	8072	空头	20121218	8096	1	0	-120	-120	2147481984	正常
20121218	8096	多头	20121219	8102	1	0	30	30	2147481984	正常
20121219	8102	空头	20121220	8080	1	0	110	110	2147482112	正常
20121220	8080	多头	20121221	8060	1	0	-100	-100	2147481984	正常
20121221	8060	空头	20121224	8094	1	0	-170	-170	2147481856	正常
20121224	8094	多头	20121225	8154	1	0	300	300	2147482112	正常
20121225	8154	空头	20121226	8264	1	0	-550	-550	2147481600	正常
20121226	8264	多头	20121227	8290	1	0	130	130	2147481728	正常
20121227	8290	空头	20121228	8336	1	0	-230	-230	2147481472	正常
20121228	8336	多头	20121231	8490	1	0	770	770	2147482240	正常
20121231	8490	空头	20130104	8524	1	0	-170	-170	2147482112	正常
20130104	8524	多头	20130107	8594	1	0	350	350	2147482496	正常
20130107	8594	空头	20130108	8550	1	0	220	220	2147482752	正常
20130108	8550	多头	20130109	8456	1	0	-470	-470	2147482240	正常
20130109	8456	空头	20130110	8470	1	0	-70	-70	2147482112	正常
20130110	8470	多头	20130111	8318	1	0	-760	-760	2147481344	正常
20130111	8318	空头	20130114	8398	1	0	-400	-400	2147480960	正常
20130114	8398	多头	20130115	8252	1	0	-730	-730	2147480192	正常
20130115	8252	空头	20130116	8260	1	0	-40	-40	2147480192	正常
20130116	8260	多头	20130117	8284	1	0	120	120	2147480320	正常
20130117	8284	空头	20130118	8404	1	0	-600	-600	2147479680	正常
20130118	8404	多头	20130121	8378	1	0	-130	-130	2147479552	正常
20130121	8378	空头	20130122	8326	1	0	260	260	2147479808	正常
20130122	8326	多头	20130123	8332	1	0	30	30	2147479808	正常
20130123	8332	空头	20130124	8352	1	0	-100	-100	2147479680	正常
20130124	8352	多头	20130125	8390	1	0	190	190	2147479808	正常
20130125	8390	空头	20130128	8492	1	0	-510	-510	2147479296	正常
20130128	8492	多头	20130129	8506	1	0	70	70	2147479424	正常
20130129	8506	空头	20130130	8548	1	0	-210	-210	2147479168	正常
20130130	8548	多头	20130131	8566	1	0	90	90	2147479296	正常
20130131	8566	空头	20130201	8622	1	0	-280	-280	2147479040	正常
20130201	8622	多头	20130204	8798	1	0	880	880	2147479936	正常
20130204	8798	空头	20130205	8838	1	0	-200	-200	2147479680	正常
20130205	8838	多头	20130206	8840	1	0	10	10	2147479680	正常
20130206	8840	空头	20130207	8980	1	0	-700	-700	2147479040	正常
20130207	8980	多头	20130208	8998	1	0	90	90	2147479168	正常
20130208	8998	空头	20130218	8832	1	0	830	830	2147479936	正常
20130218	8832	多头	20130219	8796	1	0	-180	-180	2147479808	正常
20130219	8796	空头	20130220	8728	1	0	340	340	2147480192	正常
20130220	8728	多头	20130221	8542	1	0	-930	-930	2147479296	正常
20130221	8542	空头	20130222	8560	1	0	-90	-90	2147479168	正常
20130222	8560	多头	20130225	8550	1	0	-50	-50	2147479168	正常
20130225	8550	空头	20130226	8354	1	0	980	980	2147480192	正常
20130226	8354	多头	20130227	8360	1	0	30	30	2147480192	正常
20130227	8360	空头	20130228	8430	1	0	-350	-350	2147479808	正常
20130228	8430	多头	20130301	8240	1	0	-950	-950	2147478912	正常
20130301	8240	空头	20130304	8066	1	0	870	870	2147479808	正常
20130304	8066	多头	20130305	8126	1	0	300	300	2147480064	正常
20130305	8126	空头	20130306	8196	1	0	-350	-350	2147479680	正常
20130306	8196	多头	20130307	8124	1	0	-360	-360	2147479296	正常
20130307	8124	空头	20130308	8130	1	0	-30	-30	2147479296	正常
20130308	8130	多头	20130311	8136	1	0	30	30	2147479296	正常
20130311	8136	空头	20130312	8030	1	0	530	530	2147479808	正常
20130312	8030	多头	20130313	8076	1	0	230	230	2147480064	正常
20130313	8076	空头	20130314	8054	1	0	110	110	2147480192	正常
20130314	8054	多头	20130315	8244	1	0	950	950	2147481088	正常
20130315	8244	空头	20130318	8092	1	0	760	760	2147481856	正常
20130318	8092	多头	20130319	8114	1	0	110	110	2147481984	正常
20130319	8114	空头	20130320	8084	1	0	150	150	2147482112	正常
20130320	8084	多头	20130321	8104	1	0	100	100	2147482240	正常
20130321	8104	空头	20130322	7944	1	0	800	800	2147483008	正常
20130322	7944	多头	20130325	7958	1	0	70	70	2147483136	正常
20130325	7958	空头	20130326	7874	1	0	420	420	2147483520	正常
20130326	7874	多头	20130327	7776	1	0	-490	-490	2147483008	正常
20130327	7776	空头	20130328	7806	1	0	-150	-150	2147482880	正常
20130328	7806	多头	20130329	7768	1	0	-190	-190	2147482752	正常
20130329	7768	空头	20130401	7656	1	0	560	560	2147483264	正常
20130401	7656	多头	20130402	7846	1	0	950	950	2147484160	正常
20130402	7846	空头	20130403	7904	1	0	-290	-290	2147483904	正常
20130403	7904	多头	20130408	7940	1	0	180	180	2147484160	正常
20130408	7940	空头	20130409	7954	1	0	-70	-70	2147484160	正常
20130409	7954	多头	20130410	8084	1	0	650	650	2147484928	正常
20130410	8084	空头	20130411	8022	1	0	310	310	2147485184	正常
20130411	8022	多头	20130412	8050	1	0	140	140	2147485440	正常
20130412	8050	空头	20130415	7770	1	0	1400	1400	2147486720	正常
20130415	7770	多头	20130416	7706	1	0	-320	-320	2147486464	正常
20130416	7706	空头	20130417	7692	1	0	70	70	2147486464	正常
20130417	7692	多头	20130418	7528	1	0	-820	-820	2147485696	正常
20130418	7528	空头	20130418	7528	1	0	0	0	2147485696	正常
