模型名称：数据导出
合约名称：PTA1309 
测试时间：2007-02-26 -- 2013-04-18
测试周期：日线
测试模式：实战模式
开仓时使用的资金比率：100%
最大开仓手数：1000
保证金比率：8%
单位：5吨/手
手续费：0圆/手
----------------------------------
  测试天数：		2243		  测试周期数：	1444
  指令总数：		1444		  平均交易周期：1
  初始资金：		2147483647		  最终权益：	2147462528
  总收益率(盈利/初始资金)：	-0.00%	  盈利：	-21119.00
  扣除最大盈利后收益率：	-0.00%
  扣除最大亏损后收益率：	-0.00%

  可靠性(胜率)：	49.79%		  成交额：	120564400
  期望收益(平均R乘数)：	0.00R		  总手续费：	0

  总交易次数：		1444		
  盈利次数比例：	48.75%		  亏损次数比例：	50.14%
  平均利润率：		-0.00%		  平均每次盈利：	-15
  标准离差率：		-4873.0%		  标准离差：		667.16
  多头次数：		722		  空头次数：		721
  多头盈利次数：	350		  空头盈利次数：	354

  盈利次数：		704		  亏损次数：	724
  总盈利：		298580(0.01%)	  总亏损：	-318350(-0.01%)
  平均盈利率：		424(0.00%)	  平均亏损率：	-440(-0.00%)
  最大盈利额：		5940(0.00%)	  最大亏损额：	-7590(-0.00%)
  平均盈利周期：	1		  平均亏损周期：	1
  最大盈利周期：	1		  最大亏损周期：	1
  最大连续盈利次数：	11		  最大连续亏损次数：	9
  最大连续盈利：	9750(0.00%)	  最大连续亏损：	-8880(-0.00%)

  空仓总时间：		0		  最长空仓时间：	0
  空仓时间/总时间：	0.00%


开仓时间	开仓价格	交易类型	平仓时间	平仓价格	手数	手续费	盈利	扣除手续费后盈利	总资金	平仓类型

20070226	8656	多头	20070228	8600	1	0	-280	-280	2147483392	正常
20070228	8600	空头	20070302	8700	1	0	-500	-500	2147482880	正常
20070302	8700	多头	20070305	8778	1	0	390	390	2147483264	正常
20070305	8778	空头	20070306	8792	1	0	-70	-70	2147483136	正常
20070306	8792	多头	20070308	8708	1	0	-420	-420	2147482752	正常
20070308	8708	空头	20070313	8610	1	0	490	490	2147483264	正常
20070313	8610	多头	20070314	8648	1	0	190	190	2147483392	正常
20070314	8648	空头	20070315	8670	1	0	-110	-110	2147483264	正常
20070315	8670	多头	20070316	8664	1	0	-30	-30	2147483264	正常
20070316	8664	空头	20070319	8700	1	0	-180	-180	2147483136	正常
20070319	8700	多头	20070322	8712	1	0	60	60	2147483136	正常
20070322	8712	空头	20070323	8778	1	0	-330	-330	2147482752	正常
20070323	8778	多头	20070326	8726	1	0	-260	-260	2147482496	正常
20070326	8726	空头	20070329	8644	1	0	410	410	2147482880	正常
20070329	8644	多头	20070330	8722	1	0	390	390	2147483264	正常
20070330	8722	空头	20070402	8828	1	0	-530	-530	2147482752	正常
20070402	8828	多头	20070403	8900	1	0	360	360	2147483136	正常
20070403	8900	空头	20070404	8886	1	0	70	70	2147483264	正常
20070404	8886	多头	20070405	8850	1	0	-180	-180	2147483136	正常
20070405	8850	空头	20070406	8858	1	0	-40	-40	2147483136	正常
20070406	8858	多头	20070409	8830	1	0	-140	-140	2147483008	正常
20070409	8830	空头	20070410	8830	1	0	0	0	2147483008	正常
20070410	8830	多头	20070412	8924	1	0	470	470	2147483520	正常
20070412	8924	空头	20070413	9010	1	0	-430	-430	2147483136	正常
20070413	9010	多头	20070416	9166	1	0	780	780	2147483904	正常
20070416	9166	空头	20070417	9196	1	0	-150	-150	2147483648	正常
20070417	9196	多头	20070418	9228	1	0	160	160	2147483904	正常
20070418	9228	空头	20070419	9040	1	0	940	940	2147484928	正常
20070419	9040	多头	20070420	9100	1	0	300	300	2147485184	正常
20070420	9100	空头	20070423	9108	1	0	-40	-40	2147485184	正常
20070423	9108	多头	20070425	9050	1	0	-290	-290	2147484928	正常
20070425	9050	空头	20070426	9180	1	0	-650	-650	2147484160	正常
20070426	9180	多头	20070427	9178	1	0	-10	-10	2147484160	正常
20070427	9178	空头	20070430	9146	1	0	160	160	2147484416	正常
20070430	9146	多头	20070508	9078	1	0	-340	-340	2147484160	正常
20070508	9078	空头	20070509	9072	1	0	30	30	2147484160	正常
20070509	9072	多头	20070510	9070	1	0	-10	-10	2147484160	正常
20070510	9070	空头	20070511	9028	1	0	210	210	2147484416	正常
20070511	9028	多头	20070514	9098	1	0	350	350	2147484672	正常
20070514	9098	空头	20070515	9132	1	0	-170	-170	2147484416	正常
20070515	9132	多头	20070516	9098	1	0	-170	-170	2147484160	正常
20070516	9098	空头	20070517	9040	1	0	290	290	2147484416	正常
20070517	9040	多头	20070518	9110	1	0	350	350	2147484672	正常
20070518	9110	空头	20070521	9078	1	0	160	160	2147484928	正常
20070521	9078	多头	20070522	9100	1	0	110	110	2147484928	正常
20070522	9100	空头	20070523	9048	1	0	260	260	2147485184	正常
20070523	9048	多头	20070524	9116	1	0	340	340	2147485440	正常
20070524	9116	空头	20070525	9132	1	0	-80	-80	2147485440	正常
20070525	9132	多头	20070528	9200	1	0	340	340	2147485696	正常
20070528	9200	空头	20070529	9122	1	0	390	390	2147486208	正常
20070529	9122	多头	20070530	9072	1	0	-250	-250	2147485952	正常
20070530	9072	空头	20070531	9040	1	0	160	160	2147486208	正常
20070531	9040	多头	20070601	9086	1	0	230	230	2147486464	正常
20070601	9086	空头	20070604	8944	1	0	710	710	2147487232	正常
20070604	8944	多头	20070605	8848	1	0	-480	-480	2147486720	正常
20070605	8848	空头	20070606	8860	1	0	-60	-60	2147486720	正常
20070606	8860	多头	20070607	8842	1	0	-90	-90	2147486720	正常
20070607	8842	空头	20070608	8686	1	0	780	780	2147487488	正常
20070608	8686	多头	20070611	8710	1	0	120	120	2147487488	正常
20070611	8710	空头	20070612	8690	1	0	100	100	2147487488	正常
20070612	8690	多头	20070613	8660	1	0	-150	-150	2147487232	正常
20070613	8660	空头	20070614	8688	1	0	-140	-140	2147486976	正常
20070614	8688	多头	20070615	8716	1	0	140	140	2147487232	正常
20070615	8716	空头	20070618	8792	1	0	-380	-380	2147486976	正常
20070618	8792	多头	20070619	8794	1	0	10	10	2147486976	正常
20070619	8794	空头	20070620	8742	1	0	260	260	2147487232	正常
20070620	8742	多头	20070621	8688	1	0	-270	-270	2147486976	正常
20070621	8688	空头	20070622	8646	1	0	210	210	2147487232	正常
20070622	8646	多头	20070625	8618	1	0	-140	-140	2147486976	正常
20070625	8618	空头	20070626	8588	1	0	150	150	2147487232	正常
20070626	8588	多头	20070627	8560	1	0	-140	-140	2147486976	正常
20070627	8560	空头	20070628	8500	1	0	300	300	2147487232	正常
20070628	8500	多头	20070629	8442	1	0	-290	-290	2147486976	正常
20070629	8442	空头	20070702	8530	1	0	-440	-440	2147486464	正常
20070702	8530	多头	20070703	8514	1	0	-80	-80	2147486464	正常
20070703	8514	空头	20070704	8568	1	0	-270	-270	2147486208	正常
20070704	8568	多头	20070705	8560	1	0	-40	-40	2147486208	正常
20070705	8560	空头	20070706	8536	1	0	120	120	2147486208	正常
20070706	8536	多头	20070709	8588	1	0	260	260	2147486464	正常
20070709	8588	空头	20070710	8572	1	0	80	80	2147486464	正常
20070710	8572	多头	20070711	8578	1	0	30	30	2147486464	正常
20070711	8578	空头	20070712	8620	1	0	-210	-210	2147486208	正常
20070712	8620	多头	20070713	8654	1	0	170	170	2147486464	正常
20070713	8654	空头	20070716	8718	1	0	-320	-320	2147486208	正常
20070716	8718	多头	20070717	8716	1	0	-10	-10	2147486208	正常
20070717	8716	空头	20070718	8680	1	0	180	180	2147486464	正常
20070718	8680	多头	20070719	8658	1	0	-110	-110	2147486464	正常
20070719	8658	空头	20070720	8714	1	0	-280	-280	2147486208	正常
20070720	8714	多头	20070723	8700	1	0	-70	-70	2147486208	正常
20070723	8700	空头	20070724	8650	1	0	250	250	2147486464	正常
20070724	8650	多头	20070725	8642	1	0	-40	-40	2147486464	正常
20070725	8642	空头	20070726	8684	1	0	-210	-210	2147486208	正常
20070726	8684	多头	20070727	8632	1	0	-260	-260	2147485952	正常
20070727	8632	空头	20070730	8650	1	0	-90	-90	2147485952	正常
20070730	8650	多头	20070731	8596	1	0	-270	-270	2147485696	正常
20070731	8596	空头	20070801	8530	1	0	330	330	2147485952	正常
20070801	8530	多头	20070802	8490	1	0	-200	-200	2147485696	正常
20070802	8490	空头	20070803	8476	1	0	70	70	2147485696	正常
20070803	8476	多头	20070806	8450	1	0	-130	-130	2147485440	正常
20070806	8450	空头	20070807	8378	1	0	360	360	2147485696	正常
20070807	8378	多头	20070808	8356	1	0	-110	-110	2147485696	正常
20070808	8356	空头	20070809	8300	1	0	280	280	2147485952	正常
20070809	8300	多头	20070810	8260	1	0	-200	-200	2147485696	正常
20070810	8260	空头	20070813	8258	1	0	10	10	2147485696	正常
20070813	8258	多头	20070814	8048	1	0	-1050	-1050	2147484672	正常
20070814	8048	空头	20070815	8098	1	0	-250	-250	2147484416	正常
20070815	8098	多头	20070816	8094	1	0	-20	-20	2147484416	正常
20070816	8094	空头	20070817	8068	1	0	130	130	2147484672	正常
20070817	8068	多头	20070820	8058	1	0	-50	-50	2147484672	正常
20070820	8058	空头	20070821	8018	1	0	200	200	2147484928	正常
20070821	8018	多头	20070822	8000	1	0	-90	-90	2147484928	正常
20070822	8000	空头	20070823	7962	1	0	190	190	2147485184	正常
20070823	7962	多头	20070824	7916	1	0	-230	-230	2147484928	正常
20070824	7916	空头	20070827	7900	1	0	80	80	2147484928	正常
20070827	7900	多头	20070828	7912	1	0	60	60	2147484928	正常
20070828	7912	空头	20070829	7870	1	0	210	210	2147485184	正常
20070829	7870	多头	20070830	7884	1	0	70	70	2147485184	正常
20070830	7884	空头	20070831	7850	1	0	170	170	2147485440	正常
20070831	7850	多头	20070903	8002	1	0	760	760	2147486208	正常
20070903	8002	空头	20070904	7998	1	0	20	20	2147486208	正常
20070904	7998	多头	20070905	7990	1	0	-40	-40	2147486208	正常
20070905	7990	空头	20070906	7926	1	0	320	320	2147486464	正常
20070906	7926	多头	20070907	7972	1	0	230	230	2147486720	正常
20070907	7972	空头	20070910	7914	1	0	290	290	2147486976	正常
20070910	7914	多头	20070911	7970	1	0	280	280	2147487232	正常
20070911	7970	空头	20070912	7832	1	0	690	690	2147488000	正常
20070912	7832	多头	20070913	7902	1	0	350	350	2147488256	正常
20070913	7902	空头	20070914	7878	1	0	120	120	2147488256	正常
20070914	7878	多头	20070919	9066	1	0	5940	5940	2147494144	正常
20070919	9066	空头	20071015	8900	1	0	830	830	2147494912	正常
20071015	8900	多头	20071016	9020	1	0	600	600	2147495424	正常
20071016	9020	空头	20071018	9000	1	0	100	100	2147495424	正常
20071018	9000	多头	20071019	8750	1	0	-1250	-1250	2147494144	正常
20071019	8750	空头	20071022	9000	1	0	-1250	-1250	2147492864	正常
20071022	9000	多头	20071024	8658	1	0	-1710	-1710	2147491072	正常
20071024	8658	空头	20071025	8750	1	0	-460	-460	2147490560	正常
20071025	8750	多头	20071026	8720	1	0	-150	-150	2147490304	正常
20071026	8720	空头	20071031	8770	1	0	-250	-250	2147490048	正常
20071031	8770	多头	20071105	8738	1	0	-160	-160	2147489792	正常
20071105	8738	空头	20071106	8788	1	0	-250	-250	2147489536	正常
20071106	8788	多头	20071107	8888	1	0	500	500	2147490048	正常
20071107	8888	空头	20071108	8660	1	0	1140	1140	2147491072	正常
20071108	8660	多头	20071109	8652	1	0	-40	-40	2147491072	正常
20071109	8652	空头	20071112	8736	1	0	-420	-420	2147490560	正常
20071112	8736	多头	20071113	8678	1	0	-290	-290	2147490304	正常
20071113	8678	空头	20071114	8608	1	0	350	350	2147490560	正常
20071114	8608	多头	20071115	8628	1	0	100	100	2147490560	正常
20071115	8628	空头	20071116	8500	1	0	640	640	2147491328	正常
20071116	8500	多头	20071119	8700	1	0	1000	1000	2147492352	正常
20071119	8700	空头	20071121	8550	1	0	750	750	2147493120	正常
20071121	8550	多头	20071122	8762	1	0	1060	1060	2147494144	正常
20071122	8762	空头	20071126	8544	1	0	1090	1090	2147495168	正常
20071126	8544	多头	20071127	8548	1	0	20	20	2147495168	正常
20071127	8548	空头	20071130	8388	1	0	800	800	2147495936	正常
20071130	8388	多头	20071203	8166	1	0	-1110	-1110	2147494912	正常
20071203	8166	空头	20071204	8250	1	0	-420	-420	2147494400	正常
20071204	8250	多头	20071205	8190	1	0	-300	-300	2147494144	正常
20071205	8190	空头	20071206	8150	1	0	200	200	2147494400	正常
20071206	8150	多头	20071207	8190	1	0	200	200	2147494656	正常
20071207	8190	空头	20071210	8066	1	0	620	620	2147495168	正常
20071210	8066	多头	20071211	8048	1	0	-90	-90	2147495168	正常
20071211	8048	空头	20071212	7922	1	0	630	630	2147495680	正常
20071212	7922	多头	20071213	8040	1	0	590	590	2147496192	正常
20071213	8040	空头	20071214	7908	1	0	660	660	2147496960	正常
20071214	7908	多头	20071218	7820	1	0	-440	-440	2147496448	正常
20071218	7820	空头	20071219	7798	1	0	110	110	2147496448	正常
20071219	7798	多头	20071220	7900	1	0	510	510	2147496960	正常
20071220	7900	空头	20071221	7948	1	0	-240	-240	2147496704	正常
20071221	7948	多头	20071224	7950	1	0	10	10	2147496704	正常
20071224	7950	空头	20071225	8000	1	0	-250	-250	2147496448	正常
20071225	8000	多头	20071226	8150	1	0	750	750	2147497216	正常
20071226	8150	空头	20071227	8368	1	0	-1090	-1090	2147496192	正常
20071227	8368	多头	20071228	8058	1	0	-1550	-1550	2147494656	正常
20071228	8058	空头	20080102	8214	1	0	-780	-780	2147493888	正常
20080102	8214	多头	20080103	8200	1	0	-70	-70	2147493888	正常
20080103	8200	空头	20080104	8030	1	0	850	850	2147494656	正常
20080104	8030	多头	20080107	8038	1	0	40	40	2147494656	正常
20080107	8038	空头	20080108	8050	1	0	-60	-60	2147494656	正常
20080108	8050	多头	20080109	8092	1	0	210	210	2147494912	正常
20080109	8092	空头	20080110	8410	1	0	-1590	-1590	2147493376	正常
20080110	8410	多头	20080111	7850	1	0	-2800	-2800	2147490560	正常
20080111	7850	空头	20080114	7996	1	0	-730	-730	2147489792	正常
20080114	7996	多头	20080115	7958	1	0	-190	-190	2147489536	正常
20080115	7958	空头	20080116	8076	1	0	-590	-590	2147489024	正常
20080116	8076	多头	20080122	7872	1	0	-1020	-1020	2147488000	正常
20080122	7872	空头	20080123	8070	1	0	-990	-990	2147486976	正常
20080123	8070	多头	20080124	8160	1	0	450	450	2147487488	正常
20080124	8160	空头	20080125	8220	1	0	-300	-300	2147487232	正常
20080125	8220	多头	20080128	8000	1	0	-1100	-1100	2147486208	正常
20080128	8000	空头	20080129	8078	1	0	-390	-390	2147485696	正常
20080129	8078	多头	20080130	7980	1	0	-490	-490	2147485184	正常
20080130	7980	空头	20080131	8000	1	0	-100	-100	2147485184	正常
20080131	8000	多头	20080201	8038	1	0	190	190	2147485440	正常
20080201	8038	空头	20080204	7980	1	0	290	290	2147485696	正常
20080204	7980	多头	20080205	7942	1	0	-190	-190	2147485440	正常
20080205	7942	空头	20080213	8122	1	0	-900	-900	2147484416	正常
20080213	8122	多头	20080215	8142	1	0	100	100	2147484416	正常
20080215	8142	空头	20080218	8240	1	0	-490	-490	2147483904	正常
20080218	8240	多头	20080219	8166	1	0	-370	-370	2147483520	正常
20080219	8166	空头	20080220	8240	1	0	-370	-370	2147483136	正常
20080220	8240	多头	20080221	8242	1	0	10	10	2147483136	正常
20080221	8242	空头	20080222	8300	1	0	-290	-290	2147482880	正常
20080222	8300	多头	20080225	8450	1	0	750	750	2147483648	正常
20080225	8450	空头	20080226	8308	1	0	710	710	2147484416	正常
20080226	8308	多头	20080227	8450	1	0	710	710	2147485184	正常
20080227	8450	空头	20080228	8590	1	0	-700	-700	2147484416	正常
20080228	8590	多头	20080229	8728	1	0	690	690	2147485184	正常
20080229	8728	空头	20080303	8690	1	0	190	190	2147485440	正常
20080303	8690	多头	20080304	8670	1	0	-100	-100	2147485440	正常
20080304	8670	空头	20080305	8800	1	0	-650	-650	2147484672	正常
20080305	8800	多头	20080306	8698	1	0	-510	-510	2147484160	正常
20080306	8698	空头	20080307	8598	1	0	500	500	2147484672	正常
20080307	8598	多头	20080310	8584	1	0	-70	-70	2147484672	正常
20080310	8584	空头	20080311	8690	1	0	-530	-530	2147484160	正常
20080311	8690	多头	20080312	8668	1	0	-110	-110	2147484160	正常
20080312	8668	空头	20080313	8640	1	0	140	140	2147484416	正常
20080313	8640	多头	20080314	8558	1	0	-410	-410	2147483904	正常
20080314	8558	空头	20080317	8816	1	0	-1290	-1290	2147482624	正常
20080317	8816	多头	20080318	8600	1	0	-1080	-1080	2147481600	正常
20080318	8600	空头	20080319	8648	1	0	-240	-240	2147481344	正常
20080319	8648	多头	20080320	8628	1	0	-100	-100	2147481216	正常
20080320	8628	空头	20080321	8672	1	0	-220	-220	2147480960	正常
20080321	8672	多头	20080324	8684	1	0	60	60	2147480960	正常
20080324	8684	空头	20080325	8600	1	0	420	420	2147481344	正常
20080325	8600	多头	20080326	8550	1	0	-250	-250	2147481088	正常
20080326	8550	空头	20080327	8596	1	0	-230	-230	2147480832	正常
20080327	8596	多头	20080328	8568	1	0	-140	-140	2147480704	正常
20080328	8568	空头	20080331	8530	1	0	190	190	2147480832	正常
20080331	8530	多头	20080401	8512	1	0	-90	-90	2147480704	正常
20080401	8512	空头	20080402	8382	1	0	650	650	2147481344	正常
20080402	8382	多头	20080403	8380	1	0	-10	-10	2147481344	正常
20080403	8380	空头	20080407	8356	1	0	120	120	2147481472	正常
20080407	8356	多头	20080408	8314	1	0	-210	-210	2147481216	正常
20080408	8314	空头	20080410	8310	1	0	20	20	2147481216	正常
20080410	8310	多头	20080411	8234	1	0	-380	-380	2147480832	正常
20080411	8234	空头	20080414	8170	1	0	320	320	2147481088	正常
20080414	8170	多头	20080415	8176	1	0	30	30	2147481088	正常
20080415	8176	空头	20080416	8118	1	0	290	290	2147481344	正常
20080416	8118	多头	20080417	8042	1	0	-380	-380	2147480960	正常
20080417	8042	空头	20080418	8064	1	0	-110	-110	2147480832	正常
20080418	8064	多头	20080421	8050	1	0	-70	-70	2147480704	正常
20080421	8050	空头	20080422	7986	1	0	320	320	2147481088	正常
20080422	7986	多头	20080423	7922	1	0	-320	-320	2147480832	正常
20080423	7922	空头	20080424	8230	1	0	-1540	-1540	2147479296	正常
20080424	8230	多头	20080425	8250	1	0	100	100	2147479424	正常
20080425	8250	空头	20080428	8202	1	0	240	240	2147479680	正常
20080428	8202	多头	20080429	8208	1	0	30	30	2147479680	正常
20080429	8208	空头	20080430	8256	1	0	-240	-240	2147479424	正常
20080430	8256	多头	20080505	8104	1	0	-760	-760	2147478656	正常
20080505	8104	空头	20080506	8110	1	0	-30	-30	2147478656	正常
20080506	8110	多头	20080507	8150	1	0	200	200	2147478912	正常
20080507	8150	空头	20080508	8218	1	0	-340	-340	2147478528	正常
20080508	8218	多头	20080509	8160	1	0	-290	-290	2147478272	正常
20080509	8160	空头	20080512	8254	1	0	-470	-470	2147477760	正常
20080512	8254	多头	20080513	8286	1	0	160	160	2147477888	正常
20080513	8286	空头	20080514	8444	1	0	-790	-790	2147477120	正常
20080514	8444	多头	20080515	8448	1	0	20	20	2147477120	正常
20080515	8448	空头	20080516	8514	1	0	-330	-330	2147476736	正常
20080516	8514	多头	20080519	8570	1	0	280	280	2147476992	正常
20080519	8570	空头	20080520	8498	1	0	360	360	2147477376	正常
20080520	8498	多头	20080521	8642	1	0	720	720	2147478144	正常
20080521	8642	空头	20080522	8722	1	0	-400	-400	2147477760	正常
20080522	8722	多头	20080523	8758	1	0	180	180	2147477888	正常
20080523	8758	空头	20080526	8968	1	0	-1050	-1050	2147476864	正常
20080526	8968	多头	20080527	8886	1	0	-410	-410	2147476480	正常
20080527	8886	空头	20080528	8842	1	0	220	220	2147476736	正常
20080528	8842	多头	20080529	8816	1	0	-130	-130	2147476608	正常
20080529	8816	空头	20080530	8880	1	0	-320	-320	2147476224	正常
20080530	8880	多头	20080602	9056	1	0	880	880	2147477120	正常
20080602	9056	空头	20080603	9110	1	0	-270	-270	2147476864	正常
20080603	9110	多头	20080604	9318	1	0	1040	1040	2147477888	正常
20080604	9318	空头	20080605	9298	1	0	100	100	2147478016	正常
20080605	9298	多头	20080606	9412	1	0	570	570	2147478528	正常
20080606	9412	空头	20080610	9500	1	0	-440	-440	2147478144	正常
20080610	9500	多头	20080611	9494	1	0	-30	-30	2147478144	正常
20080611	9494	空头	20080612	9610	1	0	-580	-580	2147477504	正常
20080612	9610	多头	20080613	9894	1	0	1420	1420	2147478912	正常
20080613	9894	空头	20080616	9950	1	0	-280	-280	2147478656	正常
20080616	9950	多头	20080617	9878	1	0	-360	-360	2147478272	正常
20080617	9878	空头	20080618	9848	1	0	150	150	2147478400	正常
20080618	9848	多头	20080619	9968	1	0	600	600	2147479040	正常
20080619	9968	空头	20080620	9760	1	0	1040	1040	2147480064	正常
20080620	9760	多头	20080623	9840	1	0	400	400	2147480448	正常
20080623	9840	空头	20080624	9654	1	0	930	930	2147481344	正常
20080624	9654	多头	20080625	9592	1	0	-310	-310	2147481088	正常
20080625	9592	空头	20080626	9570	1	0	110	110	2147481216	正常
20080626	9570	多头	20080627	9870	1	0	1500	1500	2147482752	正常
20080627	9870	空头	20080630	9570	1	0	1500	1500	2147484160	正常
20080630	9570	多头	20080701	9550	1	0	-100	-100	2147484160	正常
20080701	9550	空头	20080702	9678	1	0	-640	-640	2147483520	正常
20080702	9678	多头	20080703	9700	1	0	110	110	2147483648	正常
20080703	9700	空头	20080704	9646	1	0	270	270	2147483904	正常
20080704	9646	多头	20080707	9652	1	0	30	30	2147483904	正常
20080707	9652	空头	20080708	9624	1	0	140	140	2147484160	正常
20080708	9624	多头	20080709	9500	1	0	-620	-620	2147483520	正常
20080709	9500	空头	20080710	9488	1	0	60	60	2147483520	正常
20080710	9488	多头	20080711	9450	1	0	-190	-190	2147483392	正常
20080711	9450	空头	20080714	9430	1	0	100	100	2147483520	正常
20080714	9430	多头	20080715	9444	1	0	70	70	2147483648	正常
20080715	9444	空头	20080716	9316	1	0	640	640	2147484160	正常
20080716	9316	多头	20080717	9530	1	0	1070	1070	2147485184	正常
20080717	9530	空头	20080718	9504	1	0	130	130	2147485440	正常
20080718	9504	多头	20080721	9414	1	0	-450	-450	2147484928	正常
20080721	9414	空头	20080722	9350	1	0	320	320	2147485184	正常
20080722	9350	多头	20080723	9278	1	0	-360	-360	2147484928	正常
20080723	9278	空头	20080724	9186	1	0	460	460	2147485440	正常
20080724	9186	多头	20080725	9232	1	0	230	230	2147485696	正常
20080725	9232	空头	20080728	9198	1	0	170	170	2147485952	正常
20080728	9198	多头	20080729	9250	1	0	260	260	2147486208	正常
20080729	9250	空头	20080730	9188	1	0	310	310	2147486464	正常
20080730	9188	多头	20080731	9248	1	0	300	300	2147486720	正常
20080731	9248	空头	20080801	9260	1	0	-60	-60	2147486720	正常
20080801	9260	多头	20080804	9440	1	0	900	900	2147487744	正常
20080804	9440	空头	20080805	9420	1	0	100	100	2147487744	正常
20080805	9420	多头	20080806	9274	1	0	-730	-730	2147486976	正常
20080806	9274	空头	20080807	9180	1	0	470	470	2147487488	正常
20080807	9180	多头	20080808	9100	1	0	-400	-400	2147486976	正常
20080808	9100	空头	20080811	8950	1	0	750	750	2147487744	正常
20080811	8950	多头	20080812	9006	1	0	280	280	2147488000	正常
20080812	9006	空头	20080813	9138	1	0	-660	-660	2147487232	正常
20080813	9138	多头	20080814	9250	1	0	560	560	2147487744	正常
20080814	9250	空头	20080815	9058	1	0	960	960	2147488768	正常
20080815	9058	多头	20080818	9358	1	0	1500	1500	2147490304	正常
20080818	9358	空头	20080819	9300	1	0	290	290	2147490560	正常
20080819	9300	多头	20080820	9350	1	0	250	250	2147490816	正常
20080820	9350	空头	20080821	9500	1	0	-750	-750	2147490048	正常
20080821	9500	多头	20080822	9296	1	0	-1020	-1020	2147489024	正常
20080822	9296	空头	20080825	9100	1	0	980	980	2147490048	正常
20080825	9100	多头	20080826	9046	1	0	-270	-270	2147489792	正常
20080826	9046	空头	20080827	9100	1	0	-270	-270	2147489536	正常
20080827	9100	多头	20080828	8920	1	0	-900	-900	2147488512	正常
20080828	8920	空头	20080829	9020	1	0	-500	-500	2147488000	正常
20080829	9020	多头	20080901	8920	1	0	-500	-500	2147487488	正常
20080901	8920	空头	20080902	8900	1	0	100	100	2147487488	正常
20080902	8900	多头	20080903	8900	1	0	0	0	2147487488	正常
20080903	8900	空头	20080904	8890	1	0	50	50	2147487488	正常
20080904	8890	多头	20080905	8800	1	0	-450	-450	2147486976	正常
20080905	8800	空头	20080908	8798	1	0	10	10	2147486976	正常
20080908	8798	多头	20080909	9000	1	0	1010	1010	2147488000	正常
20080909	9000	空头	20080910	8948	1	0	260	260	2147488256	正常
20080910	8948	多头	20080911	8950	1	0	10	10	2147488256	正常
20080911	8950	空头	20080912	9208	1	0	-1290	-1290	2147486976	正常
20080912	9208	多头	20080916	7690	1	0	-7590	-7590	2147479424	正常
20080916	7690	空头	20080924	7520	1	0	850	850	2147480320	正常
20080924	7520	多头	20080925	7420	1	0	-500	-500	2147479808	正常
20080925	7420	空头	20081006	7170	1	0	1250	1250	2147481088	正常
20081006	7170	多头	20081007	7132	1	0	-190	-190	2147480960	正常
20081007	7132	空头	20081008	7250	1	0	-590	-590	2147480320	正常
20081008	7250	多头	20081009	7050	1	0	-1000	-1000	2147479296	正常
20081009	7050	空头	20081010	6840	1	0	1050	1050	2147480320	正常
20081010	6840	多头	20081013	6830	1	0	-50	-50	2147480320	正常
20081013	6830	空头	20081014	6688	1	0	710	710	2147481088	正常
20081014	6688	多头	20081015	6502	1	0	-930	-930	2147480192	正常
20081015	6502	空头	20081016	6350	1	0	760	760	2147480960	正常
20081016	6350	多头	20081017	6250	1	0	-500	-500	2147480448	正常
20081017	6250	空头	20081020	6246	1	0	20	20	2147480448	正常
20081020	6246	多头	20081021	6000	1	0	-1230	-1230	2147479168	正常
20081021	6000	空头	20081022	6000	1	0	0	0	2147479168	正常
20081022	6000	多头	20081023	5778	1	0	-1110	-1110	2147478016	正常
20081023	5778	空头	20081024	5850	1	0	-360	-360	2147477632	正常
20081024	5850	多头	20081027	5464	1	0	-1930	-1930	2147475712	正常
20081027	5464	空头	20081028	5362	1	0	510	510	2147476224	正常
20081028	5362	多头	20081029	5200	1	0	-810	-810	2147475456	正常
20081029	5200	空头	20081030	5160	1	0	200	200	2147475712	正常
20081030	5160	多头	20081031	4848	1	0	-1560	-1560	2147474176	正常
20081031	4848	空头	20081103	4998	1	0	-750	-750	2147473408	正常
20081103	4998	多头	20081104	4880	1	0	-590	-590	2147472768	正常
20081104	4880	空头	20081105	4950	1	0	-350	-350	2147472384	正常
20081105	4950	多头	20081106	5066	1	0	580	580	2147473024	正常
20081106	5066	空头	20081107	4936	1	0	650	650	2147473664	正常
20081107	4936	多头	20081110	4980	1	0	220	220	2147473920	正常
20081110	4980	空头	20081111	4916	1	0	320	320	2147474176	正常
20081111	4916	多头	20081112	4800	1	0	-580	-580	2147473536	正常
20081112	4800	空头	20081113	4750	1	0	250	250	2147473792	正常
20081113	4750	多头	20081114	4820	1	0	350	350	2147474176	正常
20081114	4820	空头	20081117	4980	1	0	-800	-800	2147473408	正常
20081117	4980	多头	20081118	5012	1	0	160	160	2147473536	正常
20081118	5012	空头	20081119	5040	1	0	-140	-140	2147473408	正常
20081119	5040	多头	20081120	4978	1	0	-310	-310	2147473152	正常
20081120	4978	空头	20081121	4942	1	0	180	180	2147473280	正常
20081121	4942	多头	20081124	4976	1	0	170	170	2147473408	正常
20081124	4976	空头	20081125	5116	1	0	-700	-700	2147472768	正常
20081125	5116	多头	20081126	5318	1	0	1010	1010	2147473792	正常
20081126	5318	空头	20081127	5350	1	0	-160	-160	2147473664	正常
20081127	5350	多头	20081128	5234	1	0	-580	-580	2147473024	正常
20081128	5234	空头	20081201	5426	1	0	-960	-960	2147472128	正常
20081201	5426	多头	20081202	5392	1	0	-170	-170	2147472000	正常
20081202	5392	空头	20081203	5330	1	0	310	310	2147472256	正常
20081203	5330	多头	20081204	5318	1	0	-60	-60	2147472256	正常
20081204	5318	空头	20081205	5132	1	0	930	930	2147473152	正常
20081205	5132	多头	20081208	5314	1	0	910	910	2147474048	正常
20081208	5314	空头	20081209	5328	1	0	-70	-70	2147473920	正常
20081209	5328	多头	20081210	5452	1	0	620	620	2147474560	正常
20081210	5452	空头	20081211	5404	1	0	240	240	2147474816	正常
20081211	5404	多头	20081212	5528	1	0	620	620	2147475456	正常
20081212	5528	空头	20081215	5630	1	0	-510	-510	2147474944	正常
20081215	5630	多头	20081216	5580	1	0	-250	-250	2147474688	正常
20081216	5580	空头	20081217	5628	1	0	-240	-240	2147474432	正常
20081217	5628	多头	20081218	5546	1	0	-410	-410	2147474048	正常
20081218	5546	空头	20081219	5698	1	0	-760	-760	2147473280	正常
20081219	5698	多头	20081222	5852	1	0	770	770	2147474048	正常
20081222	5852	空头	20081223	5700	1	0	760	760	2147474816	正常
20081223	5700	多头	20081224	5676	1	0	-120	-120	2147474688	正常
20081224	5676	空头	20081225	5588	1	0	440	440	2147475072	正常
20081225	5588	多头	20081226	5596	1	0	40	40	2147475072	正常
20081226	5596	空头	20081229	5534	1	0	310	310	2147475328	正常
20081229	5534	多头	20081230	5432	1	0	-510	-510	2147474816	正常
20081230	5432	空头	20081231	5380	1	0	260	260	2147475072	正常
20081231	5380	多头	20090105	5450	1	0	350	350	2147475456	正常
20090105	5450	空头	20090106	5550	1	0	-500	-500	2147474944	正常
20090106	5550	多头	20090107	5778	1	0	1140	1140	2147476096	正常
20090107	5778	空头	20090108	5678	1	0	500	500	2147476608	正常
20090108	5678	多头	20090109	5670	1	0	-40	-40	2147476608	正常
20090109	5670	空头	20090112	5660	1	0	50	50	2147476608	正常
20090112	5660	多头	20090113	5576	1	0	-420	-420	2147476224	正常
20090113	5576	空头	20090114	5768	1	0	-960	-960	2147475200	正常
20090114	5768	多头	20090115	5808	1	0	200	200	2147475456	正常
20090115	5808	空头	20090116	5834	1	0	-130	-130	2147475328	正常
20090116	5834	多头	20090119	5816	1	0	-90	-90	2147475200	正常
20090119	5816	空头	20090120	5890	1	0	-370	-370	2147474816	正常
20090120	5890	多头	20090121	5890	1	0	0	0	2147474816	正常
20090121	5890	空头	20090122	5870	1	0	100	100	2147474944	正常
20090122	5870	多头	20090123	5920	1	0	250	250	2147475200	正常
20090123	5920	空头	20090202	6218	1	0	-1490	-1490	2147473664	正常
20090202	6218	多头	20090203	6190	1	0	-140	-140	2147473536	正常
20090203	6190	空头	20090204	6388	1	0	-990	-990	2147472512	正常
20090204	6388	多头	20090205	6320	1	0	-340	-340	2147472128	正常
20090205	6320	空头	20090206	6324	1	0	-20	-20	2147472128	正常
20090206	6324	多头	20090209	6418	1	0	470	470	2147472640	正常
20090209	6418	空头	20090210	6460	1	0	-210	-210	2147472384	正常
20090210	6460	多头	20090211	6454	1	0	-30	-30	2147472384	正常
20090211	6454	空头	20090212	6300	1	0	770	770	2147473152	正常
20090212	6300	多头	20090213	6284	1	0	-80	-80	2147473024	正常
20090213	6284	空头	20090216	6200	1	0	420	420	2147473408	正常
20090216	6200	多头	20090217	6126	1	0	-370	-370	2147473024	正常
20090217	6126	空头	20090218	5958	1	0	840	840	2147473920	正常
20090218	5958	多头	20090219	5828	1	0	-650	-650	2147473280	正常
20090219	5828	空头	20090220	5898	1	0	-350	-350	2147472896	正常
20090220	5898	多头	20090223	5990	1	0	460	460	2147473408	正常
20090223	5990	空头	20090224	5948	1	0	210	210	2147473664	正常
20090224	5948	多头	20090225	5990	1	0	210	210	2147473920	正常
20090225	5990	空头	20090226	5950	1	0	200	200	2147474176	正常
20090226	5950	多头	20090227	5846	1	0	-520	-520	2147473664	正常
20090227	5846	空头	20090302	5904	1	0	-290	-290	2147473408	正常
20090302	5904	多头	20090303	5752	1	0	-760	-760	2147472640	正常
20090303	5752	空头	20090304	5758	1	0	-30	-30	2147472640	正常
20090304	5758	多头	20090305	5828	1	0	350	350	2147473024	正常
20090305	5828	空头	20090306	5728	1	0	500	500	2147473536	正常
20090306	5728	多头	20090309	5776	1	0	240	240	2147473792	正常
20090309	5776	空头	20090310	5816	1	0	-200	-200	2147473536	正常
20090310	5816	多头	20090311	5870	1	0	270	270	2147473792	正常
20090311	5870	空头	20090312	5808	1	0	310	310	2147474048	正常
20090312	5808	多头	20090313	5910	1	0	510	510	2147474560	正常
20090313	5910	空头	20090316	5900	1	0	50	50	2147474560	正常
20090316	5900	多头	20090317	5980	1	0	400	400	2147474944	正常
20090317	5980	空头	20090318	6076	1	0	-480	-480	2147474432	正常
20090318	6076	多头	20090319	6168	1	0	460	460	2147474944	正常
20090319	6168	空头	20090320	6344	1	0	-880	-880	2147474048	正常
20090320	6344	多头	20090323	6528	1	0	920	920	2147474944	正常
20090323	6528	空头	20090324	6560	1	0	-160	-160	2147474816	正常
20090324	6560	多头	20090325	6414	1	0	-730	-730	2147474048	正常
20090325	6414	空头	20090326	6420	1	0	-30	-30	2147474048	正常
20090326	6420	多头	20090327	6544	1	0	620	620	2147474688	正常
20090327	6544	空头	20090330	6632	1	0	-440	-440	2147474304	正常
20090330	6632	多头	20090331	6580	1	0	-260	-260	2147474048	正常
20090331	6580	空头	20090401	6700	1	0	-600	-600	2147473408	正常
20090401	6700	多头	20090402	6758	1	0	290	290	2147473664	正常
20090402	6758	空头	20090403	6800	1	0	-210	-210	2147473408	正常
20090403	6800	多头	20090407	6944	1	0	720	720	2147474176	正常
20090407	6944	空头	20090408	6886	1	0	290	290	2147474432	正常
20090408	6886	多头	20090409	6758	1	0	-640	-640	2147473792	正常
20090409	6758	空头	20090410	6800	1	0	-210	-210	2147473536	正常
20090410	6800	多头	20090413	6724	1	0	-380	-380	2147473152	正常
20090413	6724	空头	20090414	6740	1	0	-80	-80	2147473024	正常
20090414	6740	多头	20090415	6904	1	0	820	820	2147473792	正常
20090415	6904	空头	20090416	7210	1	0	-1530	-1530	2147472256	正常
20090416	7210	多头	20090417	7198	1	0	-60	-60	2147472256	正常
20090417	7198	空头	20090420	7270	1	0	-360	-360	2147471872	正常
20090420	7270	多头	20090421	7040	1	0	-1150	-1150	2147470720	正常
20090421	7040	空头	20090422	7142	1	0	-510	-510	2147470208	正常
20090422	7142	多头	20090423	7016	1	0	-630	-630	2147469568	正常
20090423	7016	空头	20090424	7054	1	0	-190	-190	2147469440	正常
20090424	7054	多头	20090427	7208	1	0	770	770	2147470208	正常
20090427	7208	空头	20090428	7394	1	0	-930	-930	2147469312	正常
20090428	7394	多头	20090429	7510	1	0	580	580	2147469952	正常
20090429	7510	空头	20090430	7410	1	0	500	500	2147470464	正常
20090430	7410	多头	20090504	7444	1	0	170	170	2147470592	正常
20090504	7444	空头	20090505	7340	1	0	520	520	2147471104	正常
20090505	7340	多头	20090506	7228	1	0	-560	-560	2147470592	正常
20090506	7228	空头	20090507	7296	1	0	-340	-340	2147470208	正常
20090507	7296	多头	20090508	7220	1	0	-380	-380	2147469824	正常
20090508	7220	空头	20090511	7250	1	0	-150	-150	2147469696	正常
20090511	7250	多头	20090512	7176	1	0	-370	-370	2147469312	正常
20090512	7176	空头	20090513	7110	1	0	330	330	2147469696	正常
20090513	7110	多头	20090514	7010	1	0	-500	-500	2147469184	正常
20090514	7010	空头	20090515	7128	1	0	-590	-590	2147468544	正常
20090515	7128	多头	20090518	7106	1	0	-110	-110	2147468416	正常
20090518	7106	空头	20090519	7138	1	0	-160	-160	2147468288	正常
20090519	7138	多头	20090520	6998	1	0	-700	-700	2147467648	正常
20090520	6998	空头	20090521	6970	1	0	140	140	2147467776	正常
20090521	6970	多头	20090522	6926	1	0	-220	-220	2147467520	正常
20090522	6926	空头	20090525	6866	1	0	300	300	2147467776	正常
20090525	6866	多头	20090526	6880	1	0	70	70	2147467904	正常
20090526	6880	空头	20090527	6880	1	0	0	0	2147467904	正常
20090527	6880	多头	20090601	7028	1	0	740	740	2147468672	正常
20090601	7028	空头	20090602	7046	1	0	-90	-90	2147468544	正常
20090602	7046	多头	20090603	6968	1	0	-390	-390	2147468160	正常
20090603	6968	空头	20090604	6858	1	0	550	550	2147468672	正常
20090604	6858	多头	20090605	6918	1	0	300	300	2147468928	正常
20090605	6918	空头	20090608	6926	1	0	-40	-40	2147468928	正常
20090608	6926	多头	20090609	6850	1	0	-380	-380	2147468544	正常
20090609	6850	空头	20090610	6768	1	0	410	410	2147468928	正常
20090610	6768	多头	20090611	6812	1	0	220	220	2147469184	正常
20090611	6812	空头	20090612	6886	1	0	-370	-370	2147468800	正常
20090612	6886	多头	20090615	6906	1	0	100	100	2147468928	正常
20090615	6906	空头	20090616	6904	1	0	10	10	2147468928	正常
20090616	6904	多头	20090617	6818	1	0	-430	-430	2147468544	正常
20090617	6818	空头	20090618	6886	1	0	-340	-340	2147468160	正常
20090618	6886	多头	20090619	6980	1	0	470	470	2147468672	正常
20090619	6980	空头	20090622	6986	1	0	-30	-30	2147468672	正常
20090622	6986	多头	20090623	6876	1	0	-550	-550	2147468160	正常
20090623	6876	空头	20090624	6836	1	0	200	200	2147468416	正常
20090624	6836	多头	20090625	6840	1	0	20	20	2147468416	正常
20090625	6840	空头	20090626	6874	1	0	-170	-170	2147468288	正常
20090626	6874	多头	20090629	6870	1	0	-20	-20	2147468288	正常
20090629	6870	空头	20090630	7028	1	0	-790	-790	2147467520	正常
20090630	7028	多头	20090701	7018	1	0	-50	-50	2147467520	正常
20090701	7018	空头	20090702	7098	1	0	-400	-400	2147467136	正常
20090702	7098	多头	20090703	7018	1	0	-400	-400	2147466752	正常
20090703	7018	空头	20090706	7072	1	0	-270	-270	2147466496	正常
20090706	7072	多头	20090707	7066	1	0	-30	-30	2147466496	正常
20090707	7066	空头	20090708	7012	1	0	270	270	2147466752	正常
20090708	7012	多头	20090709	7128	1	0	580	580	2147467392	正常
20090709	7128	空头	20090710	7148	1	0	-100	-100	2147467264	正常
20090710	7148	多头	20090713	7212	1	0	320	320	2147467520	正常
20090713	7212	空头	20090714	7302	1	0	-450	-450	2147467008	正常
20090714	7302	多头	20090715	7328	1	0	130	130	2147467136	正常
20090715	7328	空头	20090716	7362	1	0	-170	-170	2147467008	正常
20090716	7362	多头	20090717	7278	1	0	-420	-420	2147466624	正常
20090717	7278	空头	20090720	7266	1	0	60	60	2147466624	正常
20090720	7266	多头	20090721	7342	1	0	380	380	2147467008	正常
20090721	7342	空头	20090722	7310	1	0	160	160	2147467136	正常
20090722	7310	多头	20090723	7398	1	0	440	440	2147467520	正常
20090723	7398	空头	20090724	7502	1	0	-520	-520	2147467008	正常
20090724	7502	多头	20090727	7648	1	0	730	730	2147467776	正常
20090727	7648	空头	20090728	7826	1	0	-890	-890	2147466880	正常
20090728	7826	多头	20090729	7920	1	0	470	470	2147467392	正常
20090729	7920	空头	20090730	7886	1	0	170	170	2147467520	正常
20090730	7886	多头	20090731	7980	1	0	470	470	2147468032	正常
20090731	7980	空头	20090803	8232	1	0	-1260	-1260	2147466752	正常
20090803	8232	多头	20090804	8408	1	0	880	880	2147467648	正常
20090804	8408	空头	20090805	8460	1	0	-260	-260	2147467392	正常
20090805	8460	多头	20090806	8416	1	0	-220	-220	2147467136	正常
20090806	8416	空头	20090807	8316	1	0	500	500	2147467648	正常
20090807	8316	多头	20090810	8018	1	0	-1490	-1490	2147466112	正常
20090810	8018	空头	20090811	8248	1	0	-1150	-1150	2147464960	正常
20090811	8248	多头	20090812	8416	1	0	840	840	2147465856	正常
20090812	8416	空头	20090813	8342	1	0	370	370	2147466240	正常
20090813	8342	多头	20090814	8242	1	0	-500	-500	2147465728	正常
20090814	8242	空头	20090817	8176	1	0	330	330	2147466112	正常
20090817	8176	多头	20090818	8134	1	0	-210	-210	2147465856	正常
20090818	8134	空头	20090819	8056	1	0	390	390	2147466240	正常
20090819	8056	多头	20090820	7960	1	0	-480	-480	2147465728	正常
20090820	7960	空头	20090821	7910	1	0	250	250	2147465984	正常
20090821	7910	多头	20090824	8034	1	0	620	620	2147466624	正常
20090824	8034	空头	20090825	7750	1	0	1420	1420	2147468032	正常
20090825	7750	多头	20090826	7728	1	0	-110	-110	2147467904	正常
20090826	7728	空头	20090827	7686	1	0	210	210	2147468160	正常
20090827	7686	多头	20090828	7718	1	0	160	160	2147468288	正常
20090828	7718	空头	20090831	7620	1	0	490	490	2147468800	正常
20090831	7620	多头	20090901	7582	1	0	-190	-190	2147468672	正常
20090901	7582	空头	20090902	7250	1	0	1660	1660	2147470336	正常
20090902	7250	多头	20090903	7176	1	0	-370	-370	2147469952	正常
20090903	7176	空头	20090904	7200	1	0	-120	-120	2147469824	正常
20090904	7200	多头	20090907	7330	1	0	650	650	2147470464	正常
20090907	7330	空头	20090908	7120	1	0	1050	1050	2147471488	正常
20090908	7120	多头	20090909	7200	1	0	400	400	2147471872	正常
20090909	7200	空头	20090910	7150	1	0	250	250	2147472128	正常
20090910	7150	多头	20090914	7130	1	0	-100	-100	2147472000	正常
20090914	7130	空头	20090915	7300	1	0	-850	-850	2147471104	正常
20090915	7300	多头	20090916	7462	1	0	810	810	2147471872	正常
20090916	7462	空头	20090918	7466	1	0	-20	-20	2147471872	正常
20090918	7466	多头	20090921	7360	1	0	-530	-530	2147471360	正常
20090921	7360	空头	20090922	7348	1	0	60	60	2147471360	正常
20090922	7348	多头	20090923	7302	1	0	-230	-230	2147471104	正常
20090923	7302	空头	20090925	7228	1	0	370	370	2147471488	正常
20090925	7228	多头	20090928	7100	1	0	-640	-640	2147470848	正常
20090928	7100	空头	20090930	7038	1	0	310	310	2147471104	正常
20090930	7038	多头	20091009	7210	1	0	860	860	2147472000	正常
20091009	7210	空头	20091012	7354	1	0	-720	-720	2147471232	正常
20091012	7354	多头	20091013	7420	1	0	330	330	2147471616	正常
20091013	7420	空头	20091014	7476	1	0	-280	-280	2147471360	正常
20091014	7476	多头	20091015	7560	1	0	420	420	2147471744	正常
20091015	7560	空头	20091016	7600	1	0	-200	-200	2147471488	正常
20091016	7600	多头	20091019	7758	1	0	790	790	2147472256	正常
20091019	7758	空头	20091020	7788	1	0	-150	-150	2147472128	正常
20091020	7788	多头	20091021	7600	1	0	-940	-940	2147471232	正常
20091021	7600	空头	20091022	7648	1	0	-240	-240	2147470976	正常
20091022	7648	多头	20091023	7596	1	0	-260	-260	2147470720	正常
20091023	7596	空头	20091026	7778	1	0	-910	-910	2147469824	正常
20091026	7778	多头	20091027	7800	1	0	110	110	2147469952	正常
20091027	7800	空头	20091028	7848	1	0	-240	-240	2147469696	正常
20091028	7848	多头	20091029	7796	1	0	-260	-260	2147469440	正常
20091029	7796	空头	20091030	7778	1	0	90	90	2147469568	正常
20091030	7778	多头	20091103	7700	1	0	-390	-390	2147469184	正常
20091103	7700	空头	20091104	7800	1	0	-500	-500	2147468672	正常
20091104	7800	多头	20091105	7872	1	0	360	360	2147469056	正常
20091105	7872	空头	20091106	7864	1	0	40	40	2147469056	正常
20091106	7864	多头	20091109	7850	1	0	-70	-70	2147468928	正常
20091109	7850	空头	20091110	7900	1	0	-250	-250	2147468672	正常
20091110	7900	多头	20091111	7996	1	0	480	480	2147469184	正常
20091111	7996	空头	20091112	8088	1	0	-460	-460	2147468672	正常
20091112	8088	多头	20091113	8036	1	0	-260	-260	2147468416	正常
20091113	8036	空头	20091116	8050	1	0	-70	-70	2147468288	正常
20091116	8050	多头	20091117	8088	1	0	190	190	2147468416	正常
20091117	8088	空头	20091118	8142	1	0	-270	-270	2147468160	正常
20091118	8142	多头	20091119	8140	1	0	-10	-10	2147468160	正常
20091119	8140	空头	20091120	8168	1	0	-140	-140	2147468032	正常
20091120	8168	多头	20091123	8400	1	0	1160	1160	2147469184	正常
20091123	8400	空头	20091124	8436	1	0	-180	-180	2147469056	正常
20091124	8436	多头	20091125	8368	1	0	-340	-340	2147468672	正常
20091125	8368	空头	20091126	8410	1	0	-210	-210	2147468416	正常
20091126	8410	多头	20091127	8182	1	0	-1140	-1140	2147467264	正常
20091127	8182	空头	20091130	8304	1	0	-610	-610	2147466624	正常
20091130	8304	多头	20091201	8130	1	0	-870	-870	2147465728	正常
20091201	8130	空头	20091202	8300	1	0	-850	-850	2147464832	正常
20091202	8300	多头	20091203	8390	1	0	450	450	2147465344	正常
20091203	8390	空头	20091204	8348	1	0	210	210	2147465600	正常
20091204	8348	多头	20091207	8430	1	0	410	410	2147465984	正常
20091207	8430	空头	20091208	8330	1	0	500	500	2147466496	正常
20091208	8330	多头	20091209	8296	1	0	-170	-170	2147466368	正常
20091209	8296	空头	20091210	8186	1	0	550	550	2147466880	正常
20091210	8186	多头	20091211	8252	1	0	330	330	2147467264	正常
20091211	8252	空头	20091214	8260	1	0	-40	-40	2147467264	正常
20091214	8260	多头	20091215	8278	1	0	90	90	2147467392	正常
20091215	8278	空头	20091216	8334	1	0	-280	-280	2147467136	正常
20091216	8334	多头	20091217	8398	1	0	320	320	2147467520	正常
20091217	8398	空头	20091218	8256	1	0	710	710	2147468288	正常
20091218	8256	多头	20091221	8348	1	0	460	460	2147468800	正常
20091221	8348	空头	20091222	8248	1	0	500	500	2147469312	正常
20091222	8248	多头	20091223	8160	1	0	-440	-440	2147468928	正常
20091223	8160	空头	20091224	8196	1	0	-180	-180	2147468800	正常
20091224	8196	多头	20091225	8280	1	0	420	420	2147469184	正常
20091225	8280	空头	20091228	8316	1	0	-180	-180	2147469056	正常
20091228	8316	多头	20091229	8426	1	0	550	550	2147469568	正常
20091229	8426	空头	20091230	8438	1	0	-60	-60	2147469568	正常
20091230	8438	多头	20091231	8454	1	0	80	80	2147469696	正常
20091231	8454	空头	20100104	8604	1	0	-750	-750	2147468928	正常
20100104	8604	多头	20100105	8624	1	0	100	100	2147469056	正常
20100105	8624	空头	20100106	8598	1	0	130	130	2147469184	正常
20100106	8598	多头	20100107	8630	1	0	160	160	2147469312	正常
20100107	8630	空头	20100108	8450	1	0	900	900	2147470208	正常
20100108	8450	多头	20100111	8540	1	0	450	450	2147470720	正常
20100111	8540	空头	20100112	8612	1	0	-360	-360	2147470336	正常
20100112	8612	多头	20100113	8500	1	0	-560	-560	2147469824	正常
20100113	8500	空头	20100114	8598	1	0	-490	-490	2147469312	正常
20100114	8598	多头	20100115	8584	1	0	-70	-70	2147469184	正常
20100115	8584	空头	20100118	8646	1	0	-310	-310	2147468928	正常
20100118	8646	多头	20100119	8744	1	0	490	490	2147469440	正常
20100119	8744	空头	20100120	8796	1	0	-260	-260	2147469184	正常
20100120	8796	多头	20100121	8726	1	0	-350	-350	2147468800	正常
20100121	8726	空头	20100122	8696	1	0	150	150	2147468928	正常
20100122	8696	多头	20100125	8566	1	0	-650	-650	2147468288	正常
20100125	8566	空头	20100126	8590	1	0	-120	-120	2147468160	正常
20100126	8590	多头	20100127	8478	1	0	-560	-560	2147467648	正常
20100127	8478	空头	20100128	8314	1	0	820	820	2147468416	正常
20100128	8314	多头	20100129	8306	1	0	-40	-40	2147468416	正常
20100129	8306	空头	20100201	8284	1	0	110	110	2147468544	正常
20100201	8284	多头	20100202	8280	1	0	-20	-20	2147468544	正常
20100202	8280	空头	20100203	8380	1	0	-500	-500	2147468032	正常
20100203	8380	多头	20100204	8398	1	0	90	90	2147468160	正常
20100204	8398	空头	20100205	8248	1	0	750	750	2147468928	正常
20100205	8248	多头	20100208	8260	1	0	60	60	2147468928	正常
20100208	8260	空头	20100209	8354	1	0	-470	-470	2147468416	正常
20100209	8354	多头	20100210	8426	1	0	360	360	2147468800	正常
20100210	8426	空头	20100211	8550	1	0	-620	-620	2147468160	正常
20100211	8550	多头	20100212	8618	1	0	340	340	2147468544	正常
20100212	8618	空头	20100222	8802	1	0	-920	-920	2147467648	正常
20100222	8802	多头	20100223	8728	1	0	-370	-370	2147467264	正常
20100223	8728	空头	20100224	8730	1	0	-10	-10	2147467264	正常
20100224	8730	多头	20100225	8766	1	0	180	180	2147467392	正常
20100225	8766	空头	20100226	8664	1	0	510	510	2147467904	正常
20100226	8664	多头	20100301	8744	1	0	400	400	2147468288	正常
20100301	8744	空头	20100302	8652	1	0	460	460	2147468800	正常
20100302	8652	多头	20100303	8638	1	0	-70	-70	2147468672	正常
20100303	8638	空头	20100304	8578	1	0	300	300	2147468928	正常
20100304	8578	多头	20100305	8550	1	0	-140	-140	2147468800	正常
20100305	8550	空头	20100308	8690	1	0	-700	-700	2147468160	正常
20100308	8690	多头	20100309	8708	1	0	90	90	2147468288	正常
20100309	8708	空头	20100310	8728	1	0	-100	-100	2147468160	正常
20100310	8728	多头	20100311	8686	1	0	-210	-210	2147467904	正常
20100311	8686	空头	20100312	8596	1	0	450	450	2147468416	正常
20100312	8596	多头	20100315	8574	1	0	-110	-110	2147468288	正常
20100315	8574	空头	20100316	8380	1	0	970	970	2147469312	正常
20100316	8380	多头	20100317	8510	1	0	650	650	2147469952	正常
20100317	8510	空头	20100318	8574	1	0	-320	-320	2147469568	正常
20100318	8574	多头	20100319	8506	1	0	-340	-340	2147469184	正常
20100319	8506	空头	20100322	8500	1	0	30	30	2147469184	正常
20100322	8500	多头	20100323	8496	1	0	-20	-20	2147469184	正常
20100323	8496	空头	20100324	8450	1	0	230	230	2147469440	正常
20100324	8450	多头	20100325	8488	1	0	190	190	2147469568	正常
20100325	8488	空头	20100326	8582	1	0	-470	-470	2147469056	正常
20100326	8582	多头	20100329	8664	1	0	410	410	2147469440	正常
20100329	8664	空头	20100330	8676	1	0	-60	-60	2147469440	正常
20100330	8676	多头	20100331	8636	1	0	-200	-200	2147469184	正常
20100331	8636	空头	20100401	8650	1	0	-70	-70	2147469056	正常
20100401	8650	多头	20100402	8696	1	0	230	230	2147469312	正常
20100402	8696	空头	20100406	8766	1	0	-350	-350	2147468928	正常
20100406	8766	多头	20100407	8748	1	0	-90	-90	2147468800	正常
20100407	8748	空头	20100408	8710	1	0	190	190	2147468928	正常
20100408	8710	多头	20100409	8676	1	0	-170	-170	2147468800	正常
20100409	8676	空头	20100412	8714	1	0	-190	-190	2147468672	正常
20100412	8714	多头	20100413	8658	1	0	-280	-280	2147468416	正常
20100413	8658	空头	20100414	8666	1	0	-40	-40	2147468416	正常
20100414	8666	多头	20100415	8712	1	0	230	230	2147468672	正常
20100415	8712	空头	20100416	8666	1	0	230	230	2147468928	正常
20100416	8666	多头	20100419	8556	1	0	-550	-550	2147468416	正常
20100419	8556	空头	20100420	8552	1	0	20	20	2147468416	正常
20100420	8552	多头	20100421	8570	1	0	90	90	2147468544	正常
20100421	8570	空头	20100422	8560	1	0	50	50	2147468544	正常
20100422	8560	多头	20100423	8576	1	0	80	80	2147468672	正常
20100423	8576	空头	20100426	8606	1	0	-150	-150	2147468544	正常
20100426	8606	多头	20100427	8540	1	0	-330	-330	2147468160	正常
20100427	8540	空头	20100428	8438	1	0	510	510	2147468672	正常
20100428	8438	多头	20100429	8450	1	0	60	60	2147468672	正常
20100429	8450	空头	20100430	8436	1	0	70	70	2147468800	正常
20100430	8436	多头	20100504	8404	1	0	-160	-160	2147468672	正常
20100504	8404	空头	20100505	8284	1	0	600	600	2147469312	正常
20100505	8284	多头	20100506	8278	1	0	-30	-30	2147469312	正常
20100506	8278	空头	20100507	8150	1	0	640	640	2147469952	正常
20100507	8150	多头	20100510	8102	1	0	-240	-240	2147469696	正常
20100510	8102	空头	20100511	8134	1	0	-160	-160	2147469568	正常
20100511	8134	多头	20100512	8144	1	0	50	50	2147469568	正常
20100512	8144	空头	20100513	8118	1	0	130	130	2147469696	正常
20100513	8118	多头	20100514	8010	1	0	-540	-540	2147469184	正常
20100514	8010	空头	20100517	7746	1	0	1320	1320	2147470464	正常
20100517	7746	多头	20100518	7638	1	0	-540	-540	2147469952	正常
20100518	7638	空头	20100519	7636	1	0	10	10	2147469952	正常
20100519	7636	多头	20100520	7648	1	0	60	60	2147469952	正常
20100520	7648	空头	20100521	7526	1	0	610	610	2147470592	正常
20100521	7526	多头	20100524	7584	1	0	290	290	2147470848	正常
20100524	7584	空头	20100525	7506	1	0	390	390	2147471232	正常
20100525	7506	多头	20100526	7426	1	0	-400	-400	2147470848	正常
20100526	7426	空头	20100527	7532	1	0	-530	-530	2147470336	正常
20100527	7532	多头	20100528	7646	1	0	570	570	2147470848	正常
20100528	7646	空头	20100531	7688	1	0	-210	-210	2147470592	正常
20100531	7688	多头	20100601	7610	1	0	-390	-390	2147470208	正常
20100601	7610	空头	20100602	7484	1	0	630	630	2147470848	正常
20100602	7484	多头	20100603	7500	1	0	80	80	2147470976	正常
20100603	7500	空头	20100604	7448	1	0	260	260	2147471232	正常
20100604	7448	多头	20100607	7150	1	0	-1490	-1490	2147469696	正常
20100607	7150	空头	20100608	7130	1	0	100	100	2147469824	正常
20100608	7130	多头	20100609	7216	1	0	430	430	2147470208	正常
20100609	7216	空头	20100610	7288	1	0	-360	-360	2147469824	正常
20100610	7288	多头	20100611	7298	1	0	50	50	2147469824	正常
20100611	7298	空头	20100617	7396	1	0	-490	-490	2147469312	正常
20100617	7396	多头	20100618	7348	1	0	-240	-240	2147469056	正常
20100618	7348	空头	20100621	7546	1	0	-990	-990	2147468032	正常
20100621	7546	多头	20100622	7474	1	0	-360	-360	2147467648	正常
20100622	7474	空头	20100623	7440	1	0	170	170	2147467776	正常
20100623	7440	多头	20100624	7448	1	0	40	40	2147467776	正常
20100624	7448	空头	20100625	7430	1	0	90	90	2147467904	正常
20100625	7430	多头	20100628	7478	1	0	240	240	2147468160	正常
20100628	7478	空头	20100629	7420	1	0	290	290	2147468416	正常
20100629	7420	多头	20100630	7286	1	0	-670	-670	2147467776	正常
20100630	7286	空头	20100701	7252	1	0	170	170	2147467904	正常
20100701	7252	多头	20100702	7206	1	0	-230	-230	2147467648	正常
20100702	7206	空头	20100705	7240	1	0	-170	-170	2147467520	正常
20100705	7240	多头	20100706	7186	1	0	-270	-270	2147467264	正常
20100706	7186	空头	20100707	7212	1	0	-130	-130	2147467136	正常
20100707	7212	多头	20100708	7294	1	0	410	410	2147467520	正常
20100708	7294	空头	20100709	7298	1	0	-20	-20	2147467520	正常
20100709	7298	多头	20100712	7312	1	0	70	70	2147467648	正常
20100712	7312	空头	20100713	7192	1	0	600	600	2147468288	正常
20100713	7192	多头	20100714	7194	1	0	10	10	2147468288	正常
20100714	7194	空头	20100715	7122	1	0	360	360	2147468672	正常
20100715	7122	多头	20100716	7010	1	0	-560	-560	2147468160	正常
20100716	7010	空头	20100719	7066	1	0	-280	-280	2147467904	正常
20100719	7066	多头	20100720	7108	1	0	210	210	2147468160	正常
20100720	7108	空头	20100721	7126	1	0	-90	-90	2147468032	正常
20100721	7126	多头	20100722	7142	1	0	80	80	2147468160	正常
20100722	7142	空头	20100723	7228	1	0	-430	-430	2147467776	正常
20100723	7228	多头	20100726	7280	1	0	260	260	2147468032	正常
20100726	7280	空头	20100727	7268	1	0	60	60	2147468032	正常
20100727	7268	多头	20100728	7240	1	0	-140	-140	2147467904	正常
20100728	7240	空头	20100729	7244	1	0	-20	-20	2147467904	正常
20100729	7244	多头	20100730	7246	1	0	10	10	2147467904	正常
20100730	7246	空头	20100802	7344	1	0	-490	-490	2147467392	正常
20100802	7344	多头	20100803	7410	1	0	330	330	2147467776	正常
20100803	7410	空头	20100804	7384	1	0	130	130	2147467904	正常
20100804	7384	多头	20100805	7360	1	0	-120	-120	2147467776	正常
20100805	7360	空头	20100806	7266	1	0	470	470	2147468288	正常
20100806	7266	多头	20100809	7336	1	0	350	350	2147468672	正常
20100809	7336	空头	20100810	7356	1	0	-100	-100	2147468544	正常
20100810	7356	多头	20100811	7320	1	0	-180	-180	2147468416	正常
20100811	7320	空头	20100812	7256	1	0	320	320	2147468800	正常
20100812	7256	多头	20100813	7298	1	0	210	210	2147469056	正常
20100813	7298	空头	20100816	7440	1	0	-710	-710	2147468288	正常
20100816	7440	多头	20100817	7458	1	0	90	90	2147468416	正常
20100817	7458	空头	20100818	7510	1	0	-260	-260	2147468160	正常
20100818	7510	多头	20100819	7480	1	0	-150	-150	2147468032	正常
20100819	7480	空头	20100820	7462	1	0	90	90	2147468160	正常
20100820	7462	多头	20100823	7380	1	0	-410	-410	2147467776	正常
20100823	7380	空头	20100824	7254	1	0	630	630	2147468416	正常
20100824	7254	多头	20100825	7288	1	0	170	170	2147468544	正常
20100825	7288	空头	20100826	7376	1	0	-440	-440	2147468160	正常
20100826	7376	多头	20100827	7348	1	0	-140	-140	2147468032	正常
20100827	7348	空头	20100830	7432	1	0	-420	-420	2147467648	正常
20100830	7432	多头	20100831	7320	1	0	-560	-560	2147467136	正常
20100831	7320	空头	20100901	7350	1	0	-150	-150	2147467008	正常
20100901	7350	多头	20100902	7392	1	0	210	210	2147467264	正常
20100902	7392	空头	20100903	7370	1	0	110	110	2147467392	正常
20100903	7370	多头	20100906	7406	1	0	180	180	2147467520	正常
20100906	7406	空头	20100907	7408	1	0	-10	-10	2147467520	正常
20100907	7408	多头	20100908	7468	1	0	300	300	2147467776	正常
20100908	7468	空头	20100909	7474	1	0	-30	-30	2147467776	正常
20100909	7474	多头	20100910	7500	1	0	130	130	2147467904	正常
20100910	7500	空头	20100913	7470	1	0	150	150	2147468032	正常
20100913	7470	多头	20100914	7448	1	0	-110	-110	2147467904	正常
20100914	7448	空头	20100915	8432	1	0	-4920	-4920	2147463040	正常
20100915	8432	多头	20100916	8478	1	0	230	230	2147463296	正常
20100916	8478	空头	20100917	8424	1	0	270	270	2147463552	正常
20100917	8424	多头	20100920	8498	1	0	370	370	2147463936	正常
20100920	8498	空头	20100921	8472	1	0	130	130	2147464064	正常
20100921	8472	多头	20100927	8654	1	0	910	910	2147464960	正常
20100927	8654	空头	20100928	8678	1	0	-120	-120	2147464832	正常
20100928	8678	多头	20100929	8600	1	0	-390	-390	2147464448	正常
20100929	8600	空头	20100930	8620	1	0	-100	-100	2147464320	正常
20100930	8620	多头	20101008	8744	1	0	620	620	2147464960	正常
20101008	8744	空头	20101011	8928	1	0	-920	-920	2147464064	正常
20101011	8928	多头	20101012	8960	1	0	160	160	2147464192	正常
20101012	8960	空头	20101013	9000	1	0	-200	-200	2147463936	正常
20101013	9000	多头	20101014	9068	1	0	340	340	2147464320	正常
20101014	9068	空头	20101015	9108	1	0	-200	-200	2147464064	正常
20101015	9108	多头	20101018	9020	1	0	-440	-440	2147463680	正常
20101018	9020	空头	20101019	9080	1	0	-300	-300	2147463424	正常
20101019	9080	多头	20101020	8936	1	0	-720	-720	2147462656	正常
20101020	8936	空头	20101021	8996	1	0	-300	-300	2147462400	正常
20101021	8996	多头	20101022	8978	1	0	-90	-90	2147462272	正常
20101022	8978	空头	20101025	9236	1	0	-1290	-1290	2147460992	正常
20101025	9236	多头	20101026	9314	1	0	390	390	2147461376	正常
20101026	9314	空头	20101027	9316	1	0	-10	-10	2147461376	正常
20101027	9316	多头	20101028	9310	1	0	-30	-30	2147461376	正常
20101028	9310	空头	20101029	9288	1	0	110	110	2147461504	正常
20101029	9288	多头	20101101	9420	1	0	660	660	2147462144	正常
20101101	9420	空头	20101102	9440	1	0	-100	-100	2147462016	正常
20101102	9440	多头	20101103	9442	1	0	10	10	2147462016	正常
20101103	9442	空头	20101104	9762	1	0	-1600	-1600	2147460352	正常
20101104	9762	多头	20101105	10164	1	0	2010	2010	2147462400	正常
20101105	10164	空头	20101108	10730	1	0	-2830	-2830	2147459584	正常
20101108	10730	多头	20101110	11268	1	0	2690	2690	2147462272	正常
20101110	11268	空头	20101111	12000	1	0	-3660	-3660	2147458560	正常
20101111	12000	多头	20101112	10966	1	0	-5170	-5170	2147453440	正常
20101112	10966	空头	20101115	10478	1	0	2440	2440	2147455872	正常
20101115	10478	多头	20101116	10658	1	0	900	900	2147456768	正常
20101116	10658	空头	20101117	10180	1	0	2390	2390	2147459200	正常
20101117	10180	多头	20101118	10688	1	0	2540	2540	2147461760	正常
20101118	10688	空头	20101119	10428	1	0	1300	1300	2147463040	正常
20101119	10428	多头	20101122	10270	1	0	-790	-790	2147462272	正常
20101122	10270	空头	20101123	10146	1	0	620	620	2147462912	正常
20101123	10146	多头	20101124	9974	1	0	-860	-860	2147462016	正常
20101124	9974	空头	20101125	10052	1	0	-390	-390	2147461632	正常
20101125	10052	多头	20101126	9840	1	0	-1060	-1060	2147460608	正常
20101126	9840	空头	20101129	9624	1	0	1080	1080	2147461632	正常
20101129	9624	多头	20101130	9580	1	0	-220	-220	2147461376	正常
20101130	9580	空头	20101201	9550	1	0	150	150	2147461504	正常
20101201	9550	多头	20101202	9750	1	0	1000	1000	2147462528	正常
20101202	9750	空头	20101203	9790	1	0	-200	-200	2147462272	正常
20101203	9790	多头	20101206	9884	1	0	470	470	2147462784	正常
20101206	9884	空头	20101207	9800	1	0	420	420	2147463168	正常
20101207	9800	多头	20101208	9806	1	0	30	30	2147463168	正常
20101208	9806	空头	20101209	9846	1	0	-200	-200	2147462912	正常
20101209	9846	多头	20101210	9778	1	0	-340	-340	2147462528	正常
20101210	9778	空头	20101213	10168	1	0	-1950	-1950	2147460608	正常
20101213	10168	多头	20101214	10134	1	0	-170	-170	2147460480	正常
20101214	10134	空头	20101215	10156	1	0	-110	-110	2147460352	正常
20101215	10156	多头	20101216	10016	1	0	-700	-700	2147459712	正常
20101216	10016	空头	20101217	10052	1	0	-180	-180	2147459584	正常
20101217	10052	多头	20101220	10230	1	0	890	890	2147460480	正常
20101220	10230	空头	20101221	10230	1	0	0	0	2147460480	正常
20101221	10230	多头	20101222	10300	1	0	350	350	2147460864	正常
20101222	10300	空头	20101223	10242	1	0	290	290	2147461120	正常
20101223	10242	多头	20101224	10506	1	0	1320	1320	2147462400	正常
20101224	10506	空头	20101227	10650	1	0	-720	-720	2147461632	正常
20101227	10650	多头	20101228	10648	1	0	-10	-10	2147461632	正常
20101228	10648	空头	20101229	10550	1	0	490	490	2147462144	正常
20101229	10550	多头	20101230	10596	1	0	230	230	2147462400	正常
20101230	10596	空头	20101231	10626	1	0	-150	-150	2147462272	正常
20101231	10626	多头	20110104	10860	1	0	1170	1170	2147463424	正常
20110104	10860	空头	20110105	10848	1	0	60	60	2147463424	正常
20110105	10848	多头	20110106	11018	1	0	850	850	2147464320	正常
20110106	11018	空头	20110107	10912	1	0	530	530	2147464832	正常
20110107	10912	多头	20110110	10778	1	0	-670	-670	2147464192	正常
20110110	10778	空头	20110111	10816	1	0	-190	-190	2147464064	正常
20110111	10816	多头	20110112	10906	1	0	450	450	2147464576	正常
20110112	10906	空头	20110113	11028	1	0	-610	-610	2147463936	正常
20110113	11028	多头	20110114	11058	1	0	150	150	2147464064	正常
20110114	11058	空头	20110117	11088	1	0	-150	-150	2147463936	正常
20110117	11088	多头	20110118	11192	1	0	520	520	2147464448	正常
20110118	11192	空头	20110119	11228	1	0	-180	-180	2147464320	正常
20110119	11228	多头	20110120	11184	1	0	-220	-220	2147464064	正常
20110120	11184	空头	20110121	11204	1	0	-100	-100	2147463936	正常
20110121	11204	多头	20110124	11784	1	0	2900	2900	2147466880	正常
20110124	11784	空头	20110125	11964	1	0	-900	-900	2147465984	正常
20110125	11964	多头	20110126	11682	1	0	-1410	-1410	2147464576	正常
20110126	11682	空头	20110127	11836	1	0	-770	-770	2147463808	正常
20110127	11836	多头	20110128	11690	1	0	-730	-730	2147463040	正常
20110128	11690	空头	20110131	12108	1	0	-2090	-2090	2147460992	正常
20110131	12108	多头	20110201	12210	1	0	510	510	2147461504	正常
20110201	12210	空头	20110209	12238	1	0	-140	-140	2147461376	正常
20110209	12238	多头	20110210	12350	1	0	560	560	2147461888	正常
20110210	12350	空头	20110211	12416	1	0	-330	-330	2147461504	正常
20110211	12416	多头	20110214	12296	1	0	-600	-600	2147460864	正常
20110214	12296	空头	20110215	12508	1	0	-1060	-1060	2147459840	正常
20110215	12508	多头	20110216	12394	1	0	-570	-570	2147459328	正常
20110216	12394	空头	20110217	12434	1	0	-200	-200	2147459072	正常
20110217	12434	多头	20110218	12400	1	0	-170	-170	2147458944	正常
20110218	12400	空头	20110221	12088	1	0	1560	1560	2147460480	正常
20110221	12088	多头	20110222	12242	1	0	770	770	2147461248	正常
20110222	12242	空头	20110223	11978	1	0	1320	1320	2147462528	正常
20110223	11978	多头	20110224	11922	1	0	-280	-280	2147462272	正常
20110224	11922	空头	20110225	11668	1	0	1270	1270	2147463552	正常
20110225	11668	多头	20110228	11984	1	0	1580	1580	2147465088	正常
20110228	11984	空头	20110301	12116	1	0	-660	-660	2147464448	正常
20110301	12116	多头	20110302	12104	1	0	-60	-60	2147464448	正常
20110302	12104	空头	20110303	12350	1	0	-1230	-1230	2147463168	正常
20110303	12350	多头	20110304	12108	1	0	-1210	-1210	2147462016	正常
20110304	12108	空头	20110307	12050	1	0	290	290	2147462272	正常
20110307	12050	多头	20110308	11900	1	0	-750	-750	2147461504	正常
20110308	11900	空头	20110309	11698	1	0	1010	1010	2147462528	正常
20110309	11698	多头	20110310	11494	1	0	-1020	-1020	2147461504	正常
20110310	11494	空头	20110311	11216	1	0	1390	1390	2147462912	正常
20110311	11216	多头	20110314	11342	1	0	630	630	2147463552	正常
20110314	11342	空头	20110315	11100	1	0	1210	1210	2147464704	正常
20110315	11100	多头	20110316	11070	1	0	-150	-150	2147464576	正常
20110316	11070	空头	20110317	11260	1	0	-950	-950	2147463680	正常
20110317	11260	多头	20110318	11544	1	0	1420	1420	2147465088	正常
20110318	11544	空头	20110321	11654	1	0	-550	-550	2147464576	正常
20110321	11654	多头	20110322	11548	1	0	-530	-530	2147464064	正常
20110322	11548	空头	20110323	11618	1	0	-350	-350	2147463680	正常
20110323	11618	多头	20110324	11696	1	0	390	390	2147464064	正常
20110324	11696	空头	20110325	11658	1	0	190	190	2147464192	正常
20110325	11658	多头	20110328	11496	1	0	-810	-810	2147463424	正常
20110328	11496	空头	20110329	11176	1	0	1600	1600	2147464960	正常
20110329	11176	多头	20110330	11184	1	0	40	40	2147464960	正常
20110330	11184	空头	20110331	11100	1	0	420	420	2147465344	正常
20110331	11100	多头	20110401	10980	1	0	-600	-600	2147464704	正常
20110401	10980	空头	20110406	10750	1	0	1150	1150	2147465856	正常
20110406	10750	多头	20110407	10734	1	0	-80	-80	2147465728	正常
20110407	10734	空头	20110408	10882	1	0	-740	-740	2147464960	正常
20110408	10882	多头	20110411	11208	1	0	1630	1630	2147466624	正常
20110411	11208	空头	20110412	10936	1	0	1360	1360	2147468032	正常
20110412	10936	多头	20110413	10720	1	0	-1080	-1080	2147467008	正常
20110413	10720	空头	20110414	10768	1	0	-240	-240	2147466752	正常
20110414	10768	多头	20110415	10714	1	0	-270	-270	2147466496	正常
20110415	10714	空头	20110418	10578	1	0	680	680	2147467136	正常
20110418	10578	多头	20110419	10448	1	0	-650	-650	2147466496	正常
20110419	10448	空头	20110420	10398	1	0	250	250	2147466752	正常
20110420	10398	多头	20110421	10512	1	0	570	570	2147467264	正常
20110421	10512	空头	20110422	10532	1	0	-100	-100	2147467136	正常
20110422	10532	多头	20110425	10510	1	0	-110	-110	2147467008	正常
20110425	10510	空头	20110426	10204	1	0	1530	1530	2147468544	正常
20110426	10204	多头	20110427	10218	1	0	70	70	2147468672	正常
20110427	10218	空头	20110428	10290	1	0	-360	-360	2147468288	正常
20110428	10290	多头	20110429	10276	1	0	-70	-70	2147468160	正常
20110429	10276	空头	20110503	10330	1	0	-270	-270	2147467904	正常
20110503	10330	多头	20110504	10328	1	0	-10	-10	2147467904	正常
20110504	10328	空头	20110505	10050	1	0	1390	1390	2147469312	正常
20110505	10050	多头	20110506	9680	1	0	-1850	-1850	2147467520	正常
20110506	9680	空头	20110509	9666	1	0	70	70	2147467648	正常
20110509	9666	多头	20110510	9666	1	0	0	0	2147467648	正常
20110510	9666	空头	20110511	9750	1	0	-420	-420	2147467264	正常
20110511	9750	多头	20110512	9498	1	0	-1260	-1260	2147465984	正常
20110512	9498	空头	20110513	9520	1	0	-110	-110	2147465856	正常
20110513	9520	多头	20110516	9480	1	0	-200	-200	2147465600	正常
20110516	9480	空头	20110517	9588	1	0	-540	-540	2147465088	正常
20110517	9588	多头	20110518	9620	1	0	160	160	2147465216	正常
20110518	9620	空头	20110519	9692	1	0	-360	-360	2147464832	正常
20110519	9692	多头	20110520	9638	1	0	-270	-270	2147464576	正常
20110520	9638	空头	20110523	9700	1	0	-310	-310	2147464320	正常
20110523	9700	多头	20110524	9554	1	0	-730	-730	2147463552	正常
20110524	9554	空头	20110525	9566	1	0	-60	-60	2147463552	正常
20110525	9566	多头	20110526	9706	1	0	700	700	2147464192	正常
20110526	9706	空头	20110527	9720	1	0	-70	-70	2147464064	正常
20110527	9720	多头	20110530	9798	1	0	390	390	2147464448	正常
20110530	9798	空头	20110531	9796	1	0	10	10	2147464448	正常
20110531	9796	多头	20110601	9860	1	0	320	320	2147464704	正常
20110601	9860	空头	20110602	9658	1	0	1010	1010	2147465728	正常
20110602	9658	多头	20110603	9754	1	0	480	480	2147466240	正常
20110603	9754	空头	20110607	9712	1	0	210	210	2147466496	正常
20110607	9712	多头	20110608	9636	1	0	-380	-380	2147466112	正常
20110608	9636	空头	20110609	9632	1	0	20	20	2147466112	正常
20110609	9632	多头	20110610	9544	1	0	-440	-440	2147465728	正常
20110610	9544	空头	20110613	9448	1	0	480	480	2147466240	正常
20110613	9448	多头	20110614	9430	1	0	-90	-90	2147466112	正常
20110614	9430	空头	20110615	9492	1	0	-310	-310	2147465856	正常
20110615	9492	多头	20110616	9412	1	0	-400	-400	2147465472	正常
20110616	9412	空头	20110617	9396	1	0	80	80	2147465600	正常
20110617	9396	多头	20110620	9388	1	0	-40	-40	2147465600	正常
20110620	9388	空头	20110621	9350	1	0	190	190	2147465728	正常
20110621	9350	多头	20110622	9300	1	0	-250	-250	2147465472	正常
20110622	9300	空头	20110623	9172	1	0	640	640	2147466112	正常
20110623	9172	多头	20110624	9078	1	0	-470	-470	2147465600	正常
20110624	9078	空头	20110627	8998	1	0	400	400	2147465984	正常
20110627	8998	多头	20110628	8856	1	0	-710	-710	2147465216	正常
20110628	8856	空头	20110629	8848	1	0	40	40	2147465216	正常
20110629	8848	多头	20110630	8908	1	0	300	300	2147465472	正常
20110630	8908	空头	20110701	8854	1	0	270	270	2147465728	正常
20110701	8854	多头	20110704	9050	1	0	980	980	2147466752	正常
20110704	9050	空头	20110705	8978	1	0	360	360	2147467136	正常
20110705	8978	多头	20110706	8980	1	0	10	10	2147467136	正常
20110706	8980	空头	20110707	9014	1	0	-170	-170	2147467008	正常
20110707	9014	多头	20110708	9080	1	0	330	330	2147467392	正常
20110708	9080	空头	20110711	8984	1	0	480	480	2147467904	正常
20110711	8984	多头	20110712	8840	1	0	-720	-720	2147467136	正常
20110712	8840	空头	20110713	9194	1	0	-1770	-1770	2147465344	正常
20110713	9194	多头	20110714	9236	1	0	210	210	2147465600	正常
20110714	9236	空头	20110715	9218	1	0	90	90	2147465728	正常
20110715	9218	多头	20110718	9294	1	0	380	380	2147466112	正常
20110718	9294	空头	20110719	9216	1	0	390	390	2147466496	正常
20110719	9216	多头	20110720	9338	1	0	610	610	2147467136	正常
20110720	9338	空头	20110721	9370	1	0	-160	-160	2147467008	正常
20110721	9370	多头	20110722	9380	1	0	50	50	2147467008	正常
20110722	9380	空头	20110725	9452	1	0	-360	-360	2147466624	正常
20110725	9452	多头	20110726	9420	1	0	-160	-160	2147466496	正常
20110726	9420	空头	20110727	9460	1	0	-200	-200	2147466240	正常
20110727	9460	多头	20110728	9354	1	0	-530	-530	2147465728	正常
20110728	9354	空头	20110729	9314	1	0	200	200	2147465984	正常
20110729	9314	多头	20110801	9528	1	0	1070	1070	2147467008	正常
20110801	9528	空头	20110802	9606	1	0	-390	-390	2147466624	正常
20110802	9606	多头	20110803	9650	1	0	220	220	2147466880	正常
20110803	9650	空头	20110804	9650	1	0	0	0	2147466880	正常
20110804	9650	多头	20110805	9560	1	0	-450	-450	2147466368	正常
20110805	9560	空头	20110808	9590	1	0	-150	-150	2147466240	正常
20110808	9590	多头	20110809	9450	1	0	-700	-700	2147465600	正常
20110809	9450	空头	20110810	9500	1	0	-250	-250	2147465344	正常
20110810	9500	多头	20110811	9616	1	0	580	580	2147465984	正常
20110811	9616	空头	20110812	9732	1	0	-580	-580	2147465344	正常
20110812	9732	多头	20110815	9936	1	0	1020	1020	2147466368	正常
20110815	9936	空头	20110816	9836	1	0	500	500	2147466880	正常
20110816	9836	多头	20110817	10024	1	0	940	940	2147467776	正常
20110817	10024	空头	20110818	10112	1	0	-440	-440	2147467392	正常
20110818	10112	多头	20110819	10008	1	0	-520	-520	2147466880	正常
20110819	10008	空头	20110822	10144	1	0	-680	-680	2147466240	正常
20110822	10144	多头	20110823	10184	1	0	200	200	2147466496	正常
20110823	10184	空头	20110824	10200	1	0	-80	-80	2147466368	正常
20110824	10200	多头	20110825	10168	1	0	-160	-160	2147466240	正常
20110825	10168	空头	20110826	10100	1	0	340	340	2147466624	正常
20110826	10100	多头	20110829	10120	1	0	100	100	2147466752	正常
20110829	10120	空头	20110830	10280	1	0	-800	-800	2147465984	正常
20110830	10280	多头	20110831	10300	1	0	100	100	2147466112	正常
20110831	10300	空头	20110901	10298	1	0	10	10	2147466112	正常
20110901	10298	多头	20110902	10378	1	0	400	400	2147466496	正常
20110902	10378	空头	20110905	10490	1	0	-560	-560	2147465984	正常
20110905	10490	多头	20110906	10520	1	0	150	150	2147466112	正常
20110906	10520	空头	20110907	10548	1	0	-140	-140	2147465984	正常
20110907	10548	多头	20110908	10580	1	0	160	160	2147466112	正常
20110908	10580	空头	20110909	10616	1	0	-180	-180	2147465984	正常
20110909	10616	多头	20110913	10750	1	0	670	670	2147466624	正常
20110913	10750	空头	20110914	10780	1	0	-150	-150	2147466496	正常
20110914	10780	多头	20110915	10650	1	0	-650	-650	2147465856	正常
20110915	10650	空头	20110916	10256	1	0	1970	1970	2147467776	正常
20110916	10256	多头	20110919	9700	1	0	-2780	-2780	2147464960	正常
20110919	9700	空头	20110920	9656	1	0	220	220	2147465216	正常
20110920	9656	多头	20110921	9628	1	0	-140	-140	2147465088	正常
20110921	9628	空头	20110922	9520	1	0	540	540	2147465600	正常
20110922	9520	多头	20110923	9320	1	0	-1000	-1000	2147464576	正常
20110923	9320	空头	20110926	9120	1	0	1000	1000	2147465600	正常
20110926	9120	多头	20110927	8998	1	0	-610	-610	2147464960	正常
20110927	8998	空头	20110928	8820	1	0	890	890	2147465856	正常
20110928	8820	多头	20110929	8520	1	0	-1500	-1500	2147464320	正常
20110929	8520	空头	20110930	8598	1	0	-390	-390	2147463936	正常
20110930	8598	多头	20111010	8962	1	0	1820	1820	2147465728	正常
20111010	8962	空头	20111011	8840	1	0	610	610	2147466368	正常
20111011	8840	多头	20111012	8802	1	0	-190	-190	2147466240	正常
20111012	8802	空头	20111013	8738	1	0	320	320	2147466496	正常
20111013	8738	多头	20111014	8722	1	0	-80	-80	2147466368	正常
20111014	8722	空头	20111017	8792	1	0	-350	-350	2147465984	正常
20111017	8792	多头	20111018	8620	1	0	-860	-860	2147465088	正常
20111018	8620	空头	20111019	8480	1	0	700	700	2147465728	正常
20111019	8480	多头	20111020	8220	1	0	-1300	-1300	2147464448	正常
20111020	8220	空头	20111021	8032	1	0	940	940	2147465344	正常
20111021	8032	多头	20111024	8464	1	0	2160	2160	2147467520	正常
20111024	8464	空头	20111025	8714	1	0	-1250	-1250	2147466240	正常
20111025	8714	多头	20111026	8890	1	0	880	880	2147467136	正常
20111026	8890	空头	20111027	8820	1	0	350	350	2147467520	正常
20111027	8820	多头	20111028	9028	1	0	1040	1040	2147468544	正常
20111028	9028	空头	20111031	8810	1	0	1090	1090	2147469696	正常
20111031	8810	多头	20111101	8552	1	0	-1290	-1290	2147468416	正常
20111101	8552	空头	20111102	8484	1	0	340	340	2147468800	正常
20111102	8484	多头	20111103	8432	1	0	-260	-260	2147468544	正常
20111103	8432	空头	20111104	8520	1	0	-440	-440	2147468160	正常
20111104	8520	多头	20111107	8420	1	0	-500	-500	2147467648	正常
20111107	8420	空头	20111108	8296	1	0	620	620	2147468288	正常
20111108	8296	多头	20111109	8388	1	0	460	460	2147468800	正常
20111109	8388	空头	20111110	8210	1	0	890	890	2147469696	正常
20111110	8210	多头	20111111	8134	1	0	-380	-380	2147469312	正常
20111111	8134	空头	20111114	8330	1	0	-980	-980	2147468288	正常
20111114	8330	多头	20111115	8220	1	0	-550	-550	2147467776	正常
20111115	8220	空头	20111116	8228	1	0	-40	-40	2147467776	正常
20111116	8228	多头	20111117	8130	1	0	-490	-490	2147467264	正常
20111117	8130	空头	20111118	8080	1	0	250	250	2147467520	正常
20111118	8080	多头	20111121	8092	1	0	60	60	2147467520	正常
20111121	8092	空头	20111122	8170	1	0	-390	-390	2147467136	正常
20111122	8170	多头	20111123	8154	1	0	-80	-80	2147467008	正常
20111123	8154	空头	20111124	8120	1	0	170	170	2147467136	正常
20111124	8120	多头	20111125	7926	1	0	-970	-970	2147466112	正常
20111125	7926	空头	20111128	7978	1	0	-260	-260	2147465856	正常
20111128	7978	多头	20111129	8064	1	0	430	430	2147466240	正常
20111129	8064	空头	20111130	8080	1	0	-80	-80	2147466112	正常
20111130	8080	多头	20111201	8420	1	0	1700	1700	2147467776	正常
20111201	8420	空头	20111202	8282	1	0	690	690	2147468416	正常
20111202	8282	多头	20111205	8410	1	0	640	640	2147469056	正常
20111205	8410	空头	20111206	8420	1	0	-50	-50	2147469056	正常
20111206	8420	多头	20111207	8450	1	0	150	150	2147469184	正常
20111207	8450	空头	20111208	8392	1	0	290	290	2147469440	正常
20111208	8392	多头	20111209	8400	1	0	40	40	2147469440	正常
20111209	8400	空头	20111212	8396	1	0	20	20	2147469440	正常
20111212	8396	多头	20111213	8266	1	0	-650	-650	2147468800	正常
20111213	8266	空头	20111214	8248	1	0	90	90	2147468928	正常
20111214	8248	多头	20111215	8140	1	0	-540	-540	2147468416	正常
20111215	8140	空头	20111216	8180	1	0	-200	-200	2147468160	正常
20111216	8180	多头	20111219	8214	1	0	170	170	2147468288	正常
20111219	8214	空头	20111220	8160	1	0	270	270	2147468544	正常
20111220	8160	多头	20111221	8244	1	0	420	420	2147468928	正常
20111221	8244	空头	20111222	8246	1	0	-10	-10	2147468928	正常
20111222	8246	多头	20111223	8282	1	0	180	180	2147469056	正常
20111223	8282	空头	20111226	8280	1	0	10	10	2147469056	正常
20111226	8280	多头	20111227	8228	1	0	-260	-260	2147468800	正常
20111227	8228	空头	20111228	8264	1	0	-180	-180	2147468672	正常
20111228	8264	多头	20111229	8242	1	0	-110	-110	2147468544	正常
20111229	8242	空头	20111230	8354	1	0	-560	-560	2147468032	正常
20111230	8354	多头	20120104	8468	1	0	570	570	2147468544	正常
20120104	8468	空头	20120105	8528	1	0	-300	-300	2147468288	正常
20120105	8528	多头	20120106	8544	1	0	80	80	2147468416	正常
20120106	8544	空头	20120109	8598	1	0	-270	-270	2147468160	正常
20120109	8598	多头	20120110	8590	1	0	-40	-40	2147468160	正常
20120110	8590	空头	20120111	8584	1	0	30	30	2147468160	正常
20120111	8584	多头	20120112	8566	1	0	-90	-90	2147468032	正常
20120112	8566	空头	20120113	8542	1	0	120	120	2147468160	正常
20120113	8542	多头	20120116	8610	1	0	340	340	2147468544	正常
20120116	8610	空头	20120117	8724	1	0	-570	-570	2147468032	正常
20120117	8724	多头	20120118	8766	1	0	210	210	2147468288	正常
20120118	8766	空头	20120119	8796	1	0	-150	-150	2147468160	正常
20120119	8796	多头	20120120	8890	1	0	470	470	2147468672	正常
20120120	8890	空头	20120130	9024	1	0	-670	-670	2147468032	正常
20120130	9024	多头	20120131	9044	1	0	100	100	2147468160	正常
20120131	9044	空头	20120201	9034	1	0	50	50	2147468160	正常
20120201	9034	多头	20120202	9002	1	0	-160	-160	2147468032	正常
20120202	9002	空头	20120203	8960	1	0	210	210	2147468288	正常
20120203	8960	多头	20120206	9080	1	0	600	600	2147468928	正常
20120206	9080	空头	20120207	9062	1	0	90	90	2147469056	正常
20120207	9062	多头	20120208	9120	1	0	290	290	2147469312	正常
20120208	9120	空头	20120209	9094	1	0	130	130	2147469440	正常
20120209	9094	多头	20120210	9084	1	0	-50	-50	2147469440	正常
20120210	9084	空头	20120213	9042	1	0	210	210	2147469696	正常
20120213	9042	多头	20120214	9028	1	0	-70	-70	2147469568	正常
20120214	9028	空头	20120215	9074	1	0	-230	-230	2147469312	正常
20120215	9074	多头	20120216	8894	1	0	-900	-900	2147468416	正常
20120216	8894	空头	20120217	8836	1	0	290	290	2147468672	正常
20120217	8836	多头	20120220	8958	1	0	610	610	2147469312	正常
20120220	8958	空头	20120221	8894	1	0	320	320	2147469568	正常
20120221	8894	多头	20120222	8926	1	0	160	160	2147469696	正常
20120222	8926	空头	20120223	8884	1	0	210	210	2147469952	正常
20120223	8884	多头	20120224	8930	1	0	230	230	2147470208	正常
20120224	8930	空头	20120227	9024	1	0	-470	-470	2147469696	正常
20120227	9024	多头	20120228	9064	1	0	200	200	2147469952	正常
20120228	9064	空头	20120229	9074	1	0	-50	-50	2147469952	正常
20120229	9074	多头	20120301	9110	1	0	180	180	2147470080	正常
20120301	9110	空头	20120302	9186	1	0	-380	-380	2147469696	正常
20120302	9186	多头	20120305	9212	1	0	130	130	2147469824	正常
20120305	9212	空头	20120306	9174	1	0	190	190	2147469952	正常
20120306	9174	多头	20120307	8982	1	0	-960	-960	2147469056	正常
20120307	8982	空头	20120308	8996	1	0	-70	-70	2147468928	正常
20120308	8996	多头	20120309	9036	1	0	200	200	2147469184	正常
20120309	9036	空头	20120312	9036	1	0	0	0	2147469184	正常
20120312	9036	多头	20120313	8960	1	0	-380	-380	2147468800	正常
20120313	8960	空头	20120314	9056	1	0	-480	-480	2147468288	正常
20120314	9056	多头	20120315	8962	1	0	-470	-470	2147467776	正常
20120315	8962	空头	20120316	8866	1	0	480	480	2147468288	正常
20120316	8866	多头	20120319	8756	1	0	-550	-550	2147467776	正常
20120319	8756	空头	20120320	8702	1	0	270	270	2147468032	正常
20120320	8702	多头	20120321	8700	1	0	-10	-10	2147468032	正常
20120321	8700	空头	20120322	8690	1	0	50	50	2147468032	正常
20120322	8690	多头	20120323	8720	1	0	150	150	2147468160	正常
20120323	8720	空头	20120326	8768	1	0	-240	-240	2147467904	正常
20120326	8768	多头	20120327	8786	1	0	90	90	2147468032	正常
20120327	8786	空头	20120328	8814	1	0	-140	-140	2147467904	正常
20120328	8814	多头	20120329	8766	1	0	-240	-240	2147467648	正常
20120329	8766	空头	20120330	8682	1	0	420	420	2147468032	正常
20120330	8682	多头	20120405	8648	1	0	-170	-170	2147467904	正常
20120405	8648	空头	20120406	8658	1	0	-50	-50	2147467904	正常
20120406	8658	多头	20120409	8648	1	0	-50	-50	2147467904	正常
20120409	8648	空头	20120410	8630	1	0	90	90	2147468032	正常
20120410	8630	多头	20120411	8574	1	0	-280	-280	2147467776	正常
20120411	8574	空头	20120412	8596	1	0	-110	-110	2147467648	正常
20120412	8596	多头	20120413	8644	1	0	240	240	2147467904	正常
20120413	8644	空头	20120416	8660	1	0	-80	-80	2147467776	正常
20120416	8660	多头	20120417	8696	1	0	180	180	2147467904	正常
20120417	8696	空头	20120418	8750	1	0	-270	-270	2147467648	正常
20120418	8750	多头	20120419	8710	1	0	-200	-200	2147467392	正常
20120419	8710	空头	20120420	8726	1	0	-80	-80	2147467264	正常
20120420	8726	多头	20120423	8720	1	0	-30	-30	2147467264	正常
20120423	8720	空头	20120424	8594	1	0	630	630	2147467904	正常
20120424	8594	多头	20120425	8580	1	0	-70	-70	2147467776	正常
20120425	8580	空头	20120426	8570	1	0	50	50	2147467776	正常
20120426	8570	多头	20120427	8596	1	0	130	130	2147467904	正常
20120427	8596	空头	20120502	8630	1	0	-170	-170	2147467776	正常
20120502	8630	多头	20120503	8628	1	0	-10	-10	2147467776	正常
20120503	8628	空头	20120504	8628	1	0	0	0	2147467776	正常
20120504	8628	多头	20120507	8550	1	0	-390	-390	2147467392	正常
20120507	8550	空头	20120508	8502	1	0	240	240	2147467648	正常
20120508	8502	多头	20120509	8466	1	0	-180	-180	2147467520	正常
20120509	8466	空头	20120510	8464	1	0	10	10	2147467520	正常
20120510	8464	多头	20120511	8450	1	0	-70	-70	2147467392	正常
20120511	8450	空头	20120514	8340	1	0	550	550	2147467904	正常
20120514	8340	多头	20120515	8206	1	0	-670	-670	2147467264	正常
20120515	8206	空头	20120516	8168	1	0	190	190	2147467392	正常
20120516	8168	多头	20120517	8248	1	0	400	400	2147467776	正常
20120517	8248	空头	20120518	8244	1	0	20	20	2147467776	正常
20120518	8244	多头	20120521	8248	1	0	20	20	2147467776	正常
20120521	8248	空头	20120522	8236	1	0	60	60	2147467776	正常
20120522	8236	多头	20120523	8084	1	0	-760	-760	2147467008	正常
20120523	8084	空头	20120524	8018	1	0	330	330	2147467392	正常
20120524	8018	多头	20120525	8024	1	0	30	30	2147467392	正常
20120525	8024	空头	20120528	8012	1	0	60	60	2147467392	正常
20120528	8012	多头	20120529	8046	1	0	170	170	2147467520	正常
20120529	8046	空头	20120530	8004	1	0	210	210	2147467776	正常
20120530	8004	多头	20120531	7868	1	0	-680	-680	2147467136	正常
20120531	7868	空头	20120601	7752	1	0	580	580	2147467776	正常
20120601	7752	多头	20120604	7474	1	0	-1390	-1390	2147466368	正常
20120604	7474	空头	20120605	7340	1	0	670	670	2147467008	正常
20120605	7340	多头	20120606	7336	1	0	-20	-20	2147467008	正常
20120606	7336	空头	20120607	7338	1	0	-10	-10	2147467008	正常
20120607	7338	多头	20120608	7246	1	0	-460	-460	2147466496	正常
20120608	7246	空头	20120611	7280	1	0	-170	-170	2147466368	正常
20120611	7280	多头	20120612	7070	1	0	-1050	-1050	2147465344	正常
20120612	7070	空头	20120613	7060	1	0	50	50	2147465344	正常
20120613	7060	多头	20120614	7146	1	0	430	430	2147465728	正常
20120614	7146	空头	20120615	7248	1	0	-510	-510	2147465216	正常
20120615	7248	多头	20120618	7356	1	0	540	540	2147465728	正常
20120618	7356	空头	20120619	7360	1	0	-20	-20	2147465728	正常
20120619	7360	多头	20120620	7350	1	0	-50	-50	2147465728	正常
20120620	7350	空头	20120621	7150	1	0	1000	1000	2147466752	正常
20120621	7150	多头	20120625	7150	1	0	0	0	2147466752	正常
20120625	7150	空头	20120626	7124	1	0	130	130	2147466880	正常
20120626	7124	多头	20120627	7138	1	0	70	70	2147467008	正常
20120627	7138	空头	20120628	7232	1	0	-470	-470	2147466496	正常
20120628	7232	多头	20120629	7332	1	0	500	500	2147467008	正常
20120629	7332	空头	20120702	7560	1	0	-1140	-1140	2147465856	正常
20120702	7560	多头	20120703	7608	1	0	240	240	2147466112	正常
20120703	7608	空头	20120704	7742	1	0	-670	-670	2147465472	正常
20120704	7742	多头	20120705	7714	1	0	-140	-140	2147465344	正常
20120705	7714	空头	20120706	7730	1	0	-80	-80	2147465216	正常
20120706	7730	多头	20120709	7638	1	0	-460	-460	2147464704	正常
20120709	7638	空头	20120710	7620	1	0	90	90	2147464832	正常
20120710	7620	多头	20120711	7514	1	0	-530	-530	2147464320	正常
20120711	7514	空头	20120712	7560	1	0	-230	-230	2147464064	正常
20120712	7560	多头	20120713	7736	1	0	880	880	2147464960	正常
20120713	7736	空头	20120716	7846	1	0	-550	-550	2147464448	正常
20120716	7846	多头	20120717	7922	1	0	380	380	2147464832	正常
20120717	7922	空头	20120718	7786	1	0	680	680	2147465472	正常
20120718	7786	多头	20120719	7874	1	0	440	440	2147465856	正常
20120719	7874	空头	20120720	7896	1	0	-110	-110	2147465728	正常
20120720	7896	多头	20120723	7716	1	0	-900	-900	2147464832	正常
20120723	7716	空头	20120724	7650	1	0	330	330	2147465216	正常
20120724	7650	多头	20120725	7674	1	0	120	120	2147465344	正常
20120725	7674	空头	20120726	7652	1	0	110	110	2147465472	正常
20120726	7652	多头	20120727	7668	1	0	80	80	2147465600	正常
20120727	7668	空头	20120730	7782	1	0	-570	-570	2147465088	正常
20120730	7782	多头	20120731	7820	1	0	190	190	2147465216	正常
20120731	7820	空头	20120801	7912	1	0	-460	-460	2147464704	正常
20120801	7912	多头	20120802	7876	1	0	-180	-180	2147464576	正常
20120802	7876	空头	20120803	7800	1	0	380	380	2147464960	正常
20120803	7800	多头	20120806	7960	1	0	800	800	2147465728	正常
20120806	7960	空头	20120807	7978	1	0	-90	-90	2147465600	正常
20120807	7978	多头	20120808	7998	1	0	100	100	2147465728	正常
20120808	7998	空头	20120809	7990	1	0	40	40	2147465728	正常
20120809	7990	多头	20120810	7976	1	0	-70	-70	2147465600	正常
20120810	7976	空头	20120813	7926	1	0	250	250	2147465856	正常
20120813	7926	多头	20120814	7906	1	0	-100	-100	2147465728	正常
20120814	7906	空头	20120815	7910	1	0	-20	-20	2147465728	正常
20120815	7910	多头	20120816	7930	1	0	100	100	2147465856	正常
20120816	7930	空头	20120817	7980	1	0	-250	-250	2147465600	正常
20120817	7980	多头	20120820	7964	1	0	-80	-80	2147465472	正常
20120820	7964	空头	20120821	7938	1	0	130	130	2147465600	正常
20120821	7938	多头	20120822	8000	1	0	310	310	2147465856	正常
20120822	8000	空头	20120823	7970	1	0	150	150	2147465984	正常
20120823	7970	多头	20120824	8000	1	0	150	150	2147466112	正常
20120824	8000	空头	20120827	8140	1	0	-700	-700	2147465472	正常
20120827	8140	多头	20120828	8124	1	0	-80	-80	2147465344	正常
20120828	8124	空头	20120829	8096	1	0	140	140	2147465472	正常
20120829	8096	多头	20120830	8138	1	0	210	210	2147465728	正常
20120830	8138	空头	20120831	8200	1	0	-310	-310	2147465472	正常
20120831	8200	多头	20120903	8250	1	0	250	250	2147465728	正常
20120903	8250	空头	20120904	8204	1	0	230	230	2147465984	正常
20120904	8204	多头	20120905	8140	1	0	-320	-320	2147465728	正常
20120905	8140	空头	20120906	8150	1	0	-50	-50	2147465728	正常
20120906	8150	多头	20120907	8140	1	0	-50	-50	2147465728	正常
20120907	8140	空头	20120910	8208	1	0	-340	-340	2147465344	正常
20120910	8208	多头	20120911	8196	1	0	-60	-60	2147465344	正常
20120911	8196	空头	20120912	8412	1	0	-1080	-1080	2147464320	正常
20120912	8412	多头	20120913	8410	1	0	-10	-10	2147464320	正常
20120913	8410	空头	20120914	8820	1	0	-2050	-2050	2147462272	正常
20120914	8820	多头	20120917	7878	1	0	-4710	-4710	2147457536	正常
20120917	7878	空头	20120918	7814	1	0	320	320	2147457792	正常
20120918	7814	多头	20120919	7776	1	0	-190	-190	2147457664	正常
20120919	7776	空头	20120920	7700	1	0	380	380	2147458048	正常
20120920	7700	多头	20120921	7660	1	0	-200	-200	2147457792	正常
20120921	7660	空头	20120924	7572	1	0	440	440	2147458176	正常
20120924	7572	多头	20120925	7640	1	0	340	340	2147458560	正常
20120925	7640	空头	20120926	7530	1	0	550	550	2147459072	正常
20120926	7530	多头	20120927	7636	1	0	530	530	2147459584	正常
20120927	7636	空头	20120928	7638	1	0	-10	-10	2147459584	正常
20120928	7638	多头	20121008	7594	1	0	-220	-220	2147459328	正常
20121008	7594	空头	20121009	7638	1	0	-220	-220	2147459072	正常
20121009	7638	多头	20121010	7610	1	0	-140	-140	2147458944	正常
20121010	7610	空头	20121011	7688	1	0	-390	-390	2147458560	正常
20121011	7688	多头	20121012	7692	1	0	20	20	2147458560	正常
20121012	7692	空头	20121015	7620	1	0	360	360	2147458944	正常
20121015	7620	多头	20121016	7668	1	0	240	240	2147459200	正常
20121016	7668	空头	20121017	7696	1	0	-140	-140	2147459072	正常
20121017	7696	多头	20121018	7680	1	0	-80	-80	2147458944	正常
20121018	7680	空头	20121019	7654	1	0	130	130	2147459072	正常
20121019	7654	多头	20121022	7592	1	0	-310	-310	2147458816	正常
20121022	7592	空头	20121023	7600	1	0	-40	-40	2147458816	正常
20121023	7600	多头	20121024	7600	1	0	0	0	2147458816	正常
20121024	7600	空头	20121025	7570	1	0	150	150	2147458944	正常
20121025	7570	多头	20121026	7598	1	0	140	140	2147459072	正常
20121026	7598	空头	20121029	7580	1	0	90	90	2147459200	正常
20121029	7580	多头	20121030	7464	1	0	-580	-580	2147458560	正常
20121030	7464	空头	20121031	7492	1	0	-140	-140	2147458432	正常
20121031	7492	多头	20121101	7546	1	0	270	270	2147458688	正常
20121101	7546	空头	20121102	7570	1	0	-120	-120	2147458560	正常
20121102	7570	多头	20121105	7488	1	0	-410	-410	2147458176	正常
20121105	7488	空头	20121106	7498	1	0	-50	-50	2147458176	正常
20121106	7498	多头	20121107	7576	1	0	390	390	2147458560	正常
20121107	7576	空头	20121108	7498	1	0	390	390	2147458944	正常
20121108	7498	多头	20121109	7500	1	0	10	10	2147458944	正常
20121109	7500	空头	20121112	7470	1	0	150	150	2147459072	正常
20121112	7470	多头	20121113	7472	1	0	10	10	2147459072	正常
20121113	7472	空头	20121114	7524	1	0	-260	-260	2147458816	正常
20121114	7524	多头	20121115	7468	1	0	-280	-280	2147458560	正常
20121115	7468	空头	20121116	7456	1	0	60	60	2147458560	正常
20121116	7456	多头	20121119	7484	1	0	140	140	2147458688	正常
20121119	7484	空头	20121120	7516	1	0	-160	-160	2147458560	正常
20121120	7516	多头	20121121	7522	1	0	30	30	2147458560	正常
20121121	7522	空头	20121122	7534	1	0	-60	-60	2147458560	正常
20121122	7534	多头	20121123	7500	1	0	-170	-170	2147458432	正常
20121123	7500	空头	20121126	7586	1	0	-430	-430	2147458048	正常
20121126	7586	多头	20121127	7614	1	0	140	140	2147458176	正常
20121127	7614	空头	20121128	7610	1	0	20	20	2147458176	正常
20121128	7610	多头	20121129	7560	1	0	-250	-250	2147457920	正常
20121129	7560	空头	20121130	7602	1	0	-210	-210	2147457664	正常
20121130	7602	多头	20121203	7750	1	0	740	740	2147458432	正常
20121203	7750	空头	20121204	7668	1	0	410	410	2147458816	正常
20121204	7668	多头	20121205	7732	1	0	320	320	2147459072	正常
20121205	7732	空头	20121206	7874	1	0	-710	-710	2147458304	正常
20121206	7874	多头	20121207	7964	1	0	450	450	2147458816	正常
20121207	7964	空头	20121210	8062	1	0	-490	-490	2147458304	正常
20121210	8062	多头	20121211	8002	1	0	-300	-300	2147458048	正常
20121211	8002	空头	20121212	8002	1	0	0	0	2147458048	正常
20121212	8002	多头	20121213	7992	1	0	-50	-50	2147458048	正常
20121213	7992	空头	20121214	7916	1	0	380	380	2147458432	正常
20121214	7916	多头	20121217	8090	1	0	870	870	2147459328	正常
20121217	8090	空头	20121218	8108	1	0	-90	-90	2147459200	正常
20121218	8108	多头	20121219	8150	1	0	210	210	2147459456	正常
20121219	8150	空头	20121220	8128	1	0	110	110	2147459584	正常
20121220	8128	多头	20121221	8160	1	0	160	160	2147459712	正常
20121221	8160	空头	20121224	8124	1	0	180	180	2147459840	正常
20121224	8124	多头	20121225	8202	1	0	390	390	2147460224	正常
20121225	8202	空头	20121226	8270	1	0	-340	-340	2147459840	正常
20121226	8270	多头	20121227	8356	1	0	430	430	2147460224	正常
20121227	8356	空头	20121228	8356	1	0	0	0	2147460224	正常
20121228	8356	多头	20121231	8500	1	0	720	720	2147460992	正常
20121231	8500	空头	20130104	8586	1	0	-430	-430	2147460608	正常
20130104	8586	多头	20130107	8664	1	0	390	390	2147460992	正常
20130107	8664	空头	20130108	8624	1	0	200	200	2147461248	正常
20130108	8624	多头	20130109	8552	1	0	-360	-360	2147460864	正常
20130109	8552	空头	20130110	8490	1	0	310	310	2147461120	正常
20130110	8490	多头	20130111	8536	1	0	230	230	2147461376	正常
20130111	8536	空头	20130114	8446	1	0	450	450	2147461888	正常
20130114	8446	多头	20130115	8402	1	0	-220	-220	2147461632	正常
20130115	8402	空头	20130116	8292	1	0	550	550	2147462144	正常
20130116	8292	多头	20130117	8304	1	0	60	60	2147462144	正常
20130117	8304	空头	20130118	8420	1	0	-580	-580	2147461504	正常
20130118	8420	多头	20130121	8430	1	0	50	50	2147461504	正常
20130121	8430	空头	20130122	8430	1	0	0	0	2147461504	正常
20130122	8430	多头	20130123	8354	1	0	-380	-380	2147461120	正常
20130123	8354	空头	20130124	8364	1	0	-50	-50	2147461120	正常
20130124	8364	多头	20130125	8422	1	0	290	290	2147461376	正常
20130125	8422	空头	20130128	8494	1	0	-360	-360	2147460992	正常
20130128	8494	多头	20130129	8526	1	0	160	160	2147461120	正常
20130129	8526	空头	20130130	8556	1	0	-150	-150	2147460992	正常
20130130	8556	多头	20130131	8616	1	0	300	300	2147461248	正常
20130131	8616	空头	20130201	8638	1	0	-110	-110	2147461120	正常
20130201	8638	多头	20130204	8876	1	0	1190	1190	2147462272	正常
20130204	8876	空头	20130205	8874	1	0	10	10	2147462272	正常
20130205	8874	多头	20130206	8924	1	0	250	250	2147462528	正常
20130206	8924	空头	20130207	9000	1	0	-380	-380	2147462144	正常
20130207	9000	多头	20130208	9032	1	0	160	160	2147462272	正常
20130208	9032	空头	20130218	9010	1	0	110	110	2147462400	正常
20130218	9010	多头	20130219	8888	1	0	-610	-610	2147461760	正常
20130219	8888	空头	20130220	8860	1	0	140	140	2147461888	正常
20130220	8860	多头	20130221	8660	1	0	-1000	-1000	2147460864	正常
20130221	8660	空头	20130222	8622	1	0	190	190	2147460992	正常
20130222	8622	多头	20130225	8608	1	0	-70	-70	2147460864	正常
20130225	8608	空头	20130226	8546	1	0	310	310	2147461120	正常
20130226	8546	多头	20130227	8416	1	0	-650	-650	2147460480	正常
20130227	8416	空头	20130228	8456	1	0	-200	-200	2147460224	正常
20130228	8456	多头	20130301	8380	1	0	-380	-380	2147459840	正常
20130301	8380	空头	20130304	8156	1	0	1120	1120	2147460992	正常
20130304	8156	多头	20130305	8144	1	0	-60	-60	2147460992	正常
20130305	8144	空头	20130306	8252	1	0	-540	-540	2147460480	正常
20130306	8252	多头	20130307	8220	1	0	-160	-160	2147460352	正常
20130307	8220	空头	20130308	8216	1	0	20	20	2147460352	正常
20130308	8216	多头	20130311	8200	1	0	-80	-80	2147460224	正常
20130311	8200	空头	20130312	8168	1	0	160	160	2147460352	正常
20130312	8168	多头	20130313	8100	1	0	-340	-340	2147459968	正常
20130313	8100	空头	20130314	8072	1	0	140	140	2147460096	正常
20130314	8072	多头	20130315	8336	1	0	1320	1320	2147461376	正常
20130315	8336	空头	20130318	8240	1	0	480	480	2147461888	正常
20130318	8240	多头	20130319	8186	1	0	-270	-270	2147461632	正常
20130319	8186	空头	20130320	8120	1	0	330	330	2147462016	正常
20130320	8120	多头	20130321	8208	1	0	440	440	2147462400	正常
20130321	8208	空头	20130322	8108	1	0	500	500	2147462912	正常
20130322	8108	多头	20130325	8026	1	0	-410	-410	2147462528	正常
20130325	8026	空头	20130326	7980	1	0	230	230	2147462784	正常
20130326	7980	多头	20130327	7910	1	0	-350	-350	2147462400	正常
20130327	7910	空头	20130328	7818	1	0	460	460	2147462912	正常
20130328	7818	多头	20130329	7880	1	0	310	310	2147463168	正常
20130329	7880	空头	20130401	7778	1	0	510	510	2147463680	正常
20130401	7778	多头	20130402	7848	1	0	350	350	2147464064	正常
20130402	7848	空头	20130403	7918	1	0	-350	-350	2147463680	正常
20130403	7918	多头	20130408	7948	1	0	150	150	2147463808	正常
20130408	7948	空头	20130409	7978	1	0	-150	-150	2147463680	正常
20130409	7978	多头	20130410	8088	1	0	550	550	2147464192	正常
20130410	8088	空头	20130411	8120	1	0	-160	-160	2147464064	正常
20130411	8120	多头	20130412	8064	1	0	-280	-280	2147463808	正常
20130412	8064	空头	20130415	7950	1	0	570	570	2147464320	正常
20130415	7950	多头	20130416	7774	1	0	-880	-880	2147463424	正常
20130416	7774	空头	20130417	7804	1	0	-150	-150	2147463296	正常
20130417	7804	多头	20130418	7650	1	0	-770	-770	2147462528	正常
20130418	7650	空头	20130418	7650	1	0	0	0	2147462528	正常
