模型名称：数据导出
合约名称：PTA1309 
测试时间：2007-02-26 -- 2013-04-18
测试周期：日线
测试模式：实战模式
开仓时使用的资金比率：100%
最大开仓手数：1000
保证金比率：8%
单位：5吨/手
手续费：0圆/手
----------------------------------
  测试天数：		2243		  测试周期数：	1444
  指令总数：		1444		  平均交易周期：1
  初始资金：		2147483647		  最终权益：	2147470080
  总收益率(盈利/初始资金)：	-0.00%	  盈利：	-13567.00
  扣除最大盈利后收益率：	-0.00%
  扣除最大亏损后收益率：	-0.00%

  可靠性(胜率)：	50.48%		  成交额：	118554736
  期望收益(平均R乘数)：	0.00R		  总手续费：	0

  总交易次数：		1444		
  盈利次数比例：	49.45%		  亏损次数比例：	49.45%
  平均利润率：		-0.00%		  平均每次盈利：	-9
  标准离差率：		-6727.6%		  标准离差：		648.07
  多头次数：		722		  空头次数：		721
  多头盈利次数：	375		  空头盈利次数：	339

  盈利次数：		714		  亏损次数：	714
  总盈利：		300680(0.01%)	  总亏损：	-314590(-0.01%)
  平均盈利率：		421(0.00%)	  平均亏损率：	-441(-0.00%)
  最大盈利额：		4240(0.00%)	  最大亏损额：	-6750(-0.00%)
  平均盈利周期：	1		  平均亏损周期：	1
  最大盈利周期：	1		  最大亏损周期：	1
  最大连续盈利次数：	14		  最大连续亏损次数：	8
  最大连续盈利：	8160(0.00%)	  最大连续亏损：	-9250(-0.00%)

  空仓总时间：		0		  最长空仓时间：	0
  空仓时间/总时间：	0.00%


开仓时间	开仓价格	交易类型	平仓时间	平仓价格	手数	手续费	盈利	扣除手续费后盈利	总资金	平仓类型

20070226	8468	多头	20070228	8600	1	0	660	660	2147484416	正常
20070228	8600	空头	20070302	8586	1	0	70	70	2147484416	正常
20070302	8586	多头	20070305	8654	1	0	340	340	2147484672	正常
20070305	8654	空头	20070306	8672	1	0	-90	-90	2147484672	正常
20070306	8672	多头	20070308	8708	1	0	180	180	2147484928	正常
20070308	8708	空头	20070313	8400	1	0	1540	1540	2147486464	正常
20070313	8400	多头	20070314	8646	1	0	1230	1230	2147487744	正常
20070314	8646	空头	20070315	8370	1	0	1380	1380	2147489024	正常
20070315	8370	多头	20070316	8664	1	0	1470	1470	2147490560	正常
20070316	8664	空头	20070319	8700	1	0	-180	-180	2147490304	正常
20070319	8700	多头	20070322	8634	1	0	-330	-330	2147490048	正常
20070322	8634	空头	20070323	8666	1	0	-160	-160	2147489792	正常
20070323	8666	多头	20070326	8726	1	0	300	300	2147490048	正常
20070326	8726	空头	20070329	8644	1	0	410	410	2147490560	正常
20070329	8644	多头	20070330	8622	1	0	-110	-110	2147490560	正常
20070330	8622	空头	20070402	8638	1	0	-80	-80	2147490560	正常
20070402	8638	多头	20070403	8838	1	0	1000	1000	2147491584	正常
20070403	8838	空头	20070404	8784	1	0	270	270	2147491840	正常
20070404	8784	多头	20070405	8802	1	0	90	90	2147491840	正常
20070405	8802	空头	20070406	8800	1	0	10	10	2147491840	正常
20070406	8800	多头	20070409	8760	1	0	-200	-200	2147491584	正常
20070409	8760	空头	20070410	8800	1	0	-200	-200	2147491328	正常
20070410	8800	多头	20070412	8850	1	0	250	250	2147491584	正常
20070412	8850	空头	20070413	8898	1	0	-240	-240	2147491328	正常
20070413	8898	多头	20070416	9010	1	0	560	560	2147491840	正常
20070416	9010	空头	20070417	9128	1	0	-590	-590	2147491328	正常
20070417	9128	多头	20070418	8940	1	0	-940	-940	2147490304	正常
20070418	8940	空头	20070419	8948	1	0	-40	-40	2147490304	正常
20070419	8948	多头	20070420	9026	1	0	390	390	2147490816	正常
20070420	9026	空头	20070423	9096	1	0	-350	-350	2147490560	正常
20070423	9096	多头	20070425	9050	1	0	-230	-230	2147490304	正常
20070425	9050	空头	20070426	9126	1	0	-380	-380	2147490048	正常
20070426	9126	多头	20070427	9124	1	0	-10	-10	2147490048	正常
20070427	9124	空头	20070430	9100	1	0	120	120	2147490048	正常
20070430	9100	多头	20070508	9038	1	0	-310	-310	2147489792	正常
20070508	9038	空头	20070509	9034	1	0	20	20	2147489792	正常
20070509	9034	多头	20070510	9022	1	0	-60	-60	2147489792	正常
20070510	9022	空头	20070511	8904	1	0	590	590	2147490304	正常
20070511	8904	多头	20070514	8808	1	0	-480	-480	2147489792	正常
20070514	8808	空头	20070515	9054	1	0	-1230	-1230	2147488512	正常
20070515	9054	多头	20070516	9036	1	0	-90	-90	2147488512	正常
20070516	9036	空头	20070517	8980	1	0	280	280	2147488768	正常
20070517	8980	多头	20070518	9006	1	0	130	130	2147489024	正常
20070518	9006	空头	20070521	9046	1	0	-200	-200	2147488768	正常
20070521	9046	多头	20070522	9032	1	0	-70	-70	2147488768	正常
20070522	9032	空头	20070523	9000	1	0	160	160	2147489024	正常
20070523	9000	多头	20070524	9054	1	0	270	270	2147489280	正常
20070524	9054	空头	20070525	9040	1	0	70	70	2147489280	正常
20070525	9040	多头	20070528	9108	1	0	340	340	2147489536	正常
20070528	9108	空头	20070529	9062	1	0	230	230	2147489792	正常
20070529	9062	多头	20070530	9024	1	0	-190	-190	2147489536	正常
20070530	9024	空头	20070531	9010	1	0	70	70	2147489536	正常
20070531	9010	多头	20070601	8806	1	0	-1020	-1020	2147488512	正常
20070601	8806	空头	20070604	8792	1	0	70	70	2147488512	正常
20070604	8792	多头	20070605	8800	1	0	40	40	2147488512	正常
20070605	8800	空头	20070606	8794	1	0	30	30	2147488512	正常
20070606	8794	多头	20070607	8700	1	0	-470	-470	2147488000	正常
20070607	8700	空头	20070608	8564	1	0	680	680	2147488768	正常
20070608	8564	多头	20070611	8580	1	0	80	80	2147488768	正常
20070611	8580	空头	20070612	8648	1	0	-340	-340	2147488512	正常
20070612	8648	多头	20070613	8584	1	0	-320	-320	2147488256	正常
20070613	8584	空头	20070614	8600	1	0	-80	-80	2147488256	正常
20070614	8600	多头	20070615	8630	1	0	150	150	2147488512	正常
20070615	8630	空头	20070618	8738	1	0	-540	-540	2147488000	正常
20070618	8738	多头	20070619	8732	1	0	-30	-30	2147488000	正常
20070619	8732	空头	20070620	8652	1	0	400	400	2147488512	正常
20070620	8652	多头	20070621	8620	1	0	-160	-160	2147488256	正常
20070621	8620	空头	20070622	8580	1	0	200	200	2147488512	正常
20070622	8580	多头	20070625	8536	1	0	-220	-220	2147488256	正常
20070625	8536	空头	20070626	8506	1	0	150	150	2147488512	正常
20070626	8506	多头	20070627	8490	1	0	-80	-80	2147488512	正常
20070627	8490	空头	20070628	8396	1	0	470	470	2147489024	正常
20070628	8396	多头	20070629	8332	1	0	-320	-320	2147488768	正常
20070629	8332	空头	20070702	8390	1	0	-290	-290	2147488512	正常
20070702	8390	多头	20070703	8450	1	0	300	300	2147488768	正常
20070703	8450	空头	20070704	8500	1	0	-250	-250	2147488512	正常
20070704	8500	多头	20070705	8488	1	0	-60	-60	2147488512	正常
20070705	8488	空头	20070706	8496	1	0	-40	-40	2147488512	正常
20070706	8496	多头	20070709	8508	1	0	60	60	2147488512	正常
20070709	8508	空头	20070710	8504	1	0	20	20	2147488512	正常
20070710	8504	多头	20070711	8510	1	0	30	30	2147488512	正常
20070711	8510	空头	20070712	8558	1	0	-240	-240	2147488256	正常
20070712	8558	多头	20070713	8580	1	0	110	110	2147488256	正常
20070713	8580	空头	20070716	8644	1	0	-320	-320	2147488000	正常
20070716	8644	多头	20070717	8650	1	0	30	30	2147488000	正常
20070717	8650	空头	20070718	8604	1	0	230	230	2147488256	正常
20070718	8604	多头	20070719	8610	1	0	30	30	2147488256	正常
20070719	8610	空头	20070720	8626	1	0	-80	-80	2147488256	正常
20070720	8626	多头	20070723	8622	1	0	-20	-20	2147488256	正常
20070723	8622	空头	20070724	8602	1	0	100	100	2147488256	正常
20070724	8602	多头	20070725	8610	1	0	40	40	2147488256	正常
20070725	8610	空头	20070726	8626	1	0	-80	-80	2147488256	正常
20070726	8626	多头	20070727	8590	1	0	-180	-180	2147488000	正常
20070727	8590	空头	20070730	8582	1	0	40	40	2147488000	正常
20070730	8582	多头	20070731	8480	1	0	-510	-510	2147487488	正常
20070731	8480	空头	20070801	8450	1	0	150	150	2147487744	正常
20070801	8450	多头	20070802	8450	1	0	0	0	2147487744	正常
20070802	8450	空头	20070803	8418	1	0	160	160	2147488000	正常
20070803	8418	多头	20070806	8392	1	0	-130	-130	2147487744	正常
20070806	8392	空头	20070807	8318	1	0	370	370	2147488000	正常
20070807	8318	多头	20070808	8286	1	0	-160	-160	2147487744	正常
20070808	8286	空头	20070809	8230	1	0	280	280	2147488000	正常
20070809	8230	多头	20070810	8190	1	0	-200	-200	2147487744	正常
20070810	8190	空头	20070813	7978	1	0	1060	1060	2147488768	正常
20070813	7978	多头	20070814	7960	1	0	-90	-90	2147488768	正常
20070814	7960	空头	20070815	8014	1	0	-270	-270	2147488512	正常
20070815	8014	多头	20070816	8034	1	0	100	100	2147488512	正常
20070816	8034	空头	20070817	7986	1	0	240	240	2147488768	正常
20070817	7986	多头	20070820	7992	1	0	30	30	2147488768	正常
20070820	7992	空头	20070821	7890	1	0	510	510	2147489280	正常
20070821	7890	多头	20070822	7950	1	0	300	300	2147489536	正常
20070822	7950	空头	20070823	7910	1	0	200	200	2147489792	正常
20070823	7910	多头	20070824	7894	1	0	-80	-80	2147489792	正常
20070824	7894	空头	20070827	7880	1	0	70	70	2147489792	正常
20070827	7880	多头	20070828	7880	1	0	0	0	2147489792	正常
20070828	7880	空头	20070829	7830	1	0	250	250	2147490048	正常
20070829	7830	多头	20070830	7528	1	0	-1510	-1510	2147488512	正常
20070830	7528	空头	20070831	7680	1	0	-760	-760	2147487744	正常
20070831	7680	多头	20070903	7820	1	0	700	700	2147488512	正常
20070903	7820	空头	20070904	7870	1	0	-250	-250	2147488256	正常
20070904	7870	多头	20070905	7874	1	0	20	20	2147488256	正常
20070905	7874	空头	20070906	7870	1	0	20	20	2147488256	正常
20070906	7870	多头	20070907	7922	1	0	260	260	2147488512	正常
20070907	7922	空头	20070910	7900	1	0	110	110	2147488512	正常
20070910	7900	多头	20070911	7890	1	0	-50	-50	2147488512	正常
20070911	7890	空头	20070912	7750	1	0	700	700	2147489280	正常
20070912	7750	多头	20070913	7800	1	0	250	250	2147489536	正常
20070913	7800	空头	20070914	7800	1	0	0	0	2147489536	正常
20070914	7800	多头	20070919	7750	1	0	-250	-250	2147489280	正常
20070919	7750	空头	20071015	8418	1	0	-3340	-3340	2147485952	正常
20071015	8418	多头	20071016	8500	1	0	410	410	2147486464	正常
20071016	8500	空头	20071018	8428	1	0	360	360	2147486720	正常
20071018	8428	多头	20071019	8750	1	0	1610	1610	2147488256	正常
20071019	8750	空头	20071022	8410	1	0	1700	1700	2147490048	正常
20071022	8410	多头	20071024	8300	1	0	-550	-550	2147489536	正常
20071024	8300	空头	20071025	8310	1	0	-50	-50	2147489536	正常
20071025	8310	多头	20071026	8720	1	0	2050	2050	2147491584	正常
20071026	8720	空头	20071031	8610	1	0	550	550	2147492096	正常
20071031	8610	多头	20071105	8738	1	0	640	640	2147492864	正常
20071105	8738	空头	20071106	8612	1	0	630	630	2147493376	正常
20071106	8612	多头	20071107	8888	1	0	1380	1380	2147494656	正常
20071107	8888	空头	20071108	8550	1	0	1690	1690	2147496448	正常
20071108	8550	多头	20071109	8652	1	0	510	510	2147496960	正常
20071109	8652	空头	20071112	8520	1	0	660	660	2147497728	正常
20071112	8520	多头	20071113	8530	1	0	50	50	2147497728	正常
20071113	8530	空头	20071114	8538	1	0	-40	-40	2147497728	正常
20071114	8538	多头	20071115	8540	1	0	10	10	2147497728	正常
20071115	8540	空头	20071116	8450	1	0	450	450	2147498240	正常
20071116	8450	多头	20071119	8500	1	0	250	250	2147498496	正常
20071119	8500	空头	20071121	8300	1	0	1000	1000	2147499520	正常
20071121	8300	多头	20071122	8300	1	0	0	0	2147499520	正常
20071122	8300	空头	20071126	8210	1	0	450	450	2147500032	正常
20071126	8210	多头	20071127	8274	1	0	320	320	2147500288	正常
20071127	8274	空头	20071130	8200	1	0	370	370	2147500544	正常
20071130	8200	多头	20071203	8166	1	0	-170	-170	2147500288	正常
20071203	8166	空头	20071204	8074	1	0	460	460	2147500800	正常
20071204	8074	多头	20071205	7940	1	0	-670	-670	2147500032	正常
20071205	7940	空头	20071206	7910	1	0	150	150	2147500288	正常
20071206	7910	多头	20071207	7980	1	0	350	350	2147500544	正常
20071207	7980	空头	20071210	7920	1	0	300	300	2147500800	正常
20071210	7920	多头	20071211	8048	1	0	640	640	2147501568	正常
20071211	8048	空头	20071212	7918	1	0	650	650	2147502336	正常
20071212	7918	多头	20071213	7950	1	0	160	160	2147502592	正常
20071213	7950	空头	20071214	7908	1	0	210	210	2147502848	正常
20071214	7908	多头	20071218	7710	1	0	-990	-990	2147501824	正常
20071218	7710	空头	20071219	7690	1	0	100	100	2147501824	正常
20071219	7690	多头	20071220	7658	1	0	-160	-160	2147501568	正常
20071220	7658	空头	20071221	7640	1	0	90	90	2147501568	正常
20071221	7640	多头	20071224	7800	1	0	800	800	2147502336	正常
20071224	7800	空头	20071225	7670	1	0	650	650	2147503104	正常
20071225	7670	多头	20071226	7896	1	0	1130	1130	2147504128	正常
20071226	7896	空头	20071227	8000	1	0	-520	-520	2147503616	正常
20071227	8000	多头	20071228	7874	1	0	-630	-630	2147503104	正常
20071228	7874	空头	20080102	8050	1	0	-880	-880	2147502336	正常
20080102	8050	多头	20080103	7974	1	0	-380	-380	2147502080	正常
20080103	7974	空头	20080104	8030	1	0	-280	-280	2147501824	正常
20080104	8030	多头	20080107	7940	1	0	-450	-450	2147501312	正常
20080107	7940	空头	20080108	7870	1	0	350	350	2147501568	正常
20080108	7870	多头	20080109	8088	1	0	1090	1090	2147502592	正常
20080109	8088	空头	20080110	7920	1	0	840	840	2147503360	正常
20080110	7920	多头	20080111	7814	1	0	-530	-530	2147502848	正常
20080111	7814	空头	20080114	7916	1	0	-510	-510	2147502336	正常
20080114	7916	多头	20080115	7954	1	0	190	190	2147502592	正常
20080115	7954	空头	20080116	7876	1	0	390	390	2147503104	正常
20080116	7876	多头	20080122	7770	1	0	-530	-530	2147502592	正常
20080122	7770	空头	20080123	8070	1	0	-1500	-1500	2147501056	正常
20080123	8070	多头	20080124	8038	1	0	-160	-160	2147500800	正常
20080124	8038	空头	20080125	7888	1	0	750	750	2147501568	正常
20080125	7888	多头	20080128	7998	1	0	550	550	2147502080	正常
20080128	7998	空头	20080129	7910	1	0	440	440	2147502592	正常
20080129	7910	多头	20080130	7900	1	0	-50	-50	2147502592	正常
20080130	7900	空头	20080131	7930	1	0	-150	-150	2147502336	正常
20080131	7930	多头	20080201	7980	1	0	250	250	2147502592	正常
20080201	7980	空头	20080204	7958	1	0	110	110	2147502592	正常
20080204	7958	多头	20080205	7942	1	0	-80	-80	2147502592	正常
20080205	7942	空头	20080213	8006	1	0	-320	-320	2147502336	正常
20080213	8006	多头	20080215	8140	1	0	670	670	2147503104	正常
20080215	8140	空头	20080218	8118	1	0	110	110	2147503104	正常
20080218	8118	多头	20080219	8166	1	0	240	240	2147503360	正常
20080219	8166	空头	20080220	8016	1	0	750	750	2147504128	正常
20080220	8016	多头	20080221	8048	1	0	160	160	2147504384	正常
20080221	8048	空头	20080222	8100	1	0	-260	-260	2147504128	正常
20080222	8100	多头	20080225	8240	1	0	700	700	2147504896	正常
20080225	8240	空头	20080226	8308	1	0	-340	-340	2147504640	正常
20080226	8308	多头	20080227	8240	1	0	-340	-340	2147504384	正常
20080227	8240	空头	20080228	8320	1	0	-400	-400	2147503872	正常
20080228	8320	多头	20080229	8450	1	0	650	650	2147504640	正常
20080229	8450	空头	20080303	8302	1	0	740	740	2147505408	正常
20080303	8302	多头	20080304	8470	1	0	840	840	2147506176	正常
20080304	8470	空头	20080305	8452	1	0	90	90	2147506176	正常
20080305	8452	多头	20080306	8502	1	0	250	250	2147506432	正常
20080306	8502	空头	20080307	8500	1	0	10	10	2147506432	正常
20080307	8500	多头	20080310	8382	1	0	-590	-590	2147505920	正常
20080310	8382	空头	20080311	8384	1	0	-10	-10	2147505920	正常
20080311	8384	多头	20080312	8488	1	0	520	520	2147506432	正常
20080312	8488	空头	20080313	8640	1	0	-760	-760	2147505664	正常
20080313	8640	多头	20080314	8466	1	0	-870	-870	2147504896	正常
20080314	8466	空头	20080317	8500	1	0	-170	-170	2147504640	正常
20080317	8500	多头	20080318	8290	1	0	-1050	-1050	2147503616	正常
20080318	8290	空头	20080319	8532	1	0	-1210	-1210	2147502336	正常
20080319	8532	多头	20080320	8470	1	0	-310	-310	2147502080	正常
20080320	8470	空头	20080321	8544	1	0	-370	-370	2147501824	正常
20080321	8544	多头	20080324	8596	1	0	260	260	2147502080	正常
20080324	8596	空头	20080325	8544	1	0	260	260	2147502336	正常
20080325	8544	多头	20080326	8502	1	0	-210	-210	2147502080	正常
20080326	8502	空头	20080327	8494	1	0	40	40	2147502080	正常
20080327	8494	多头	20080328	8456	1	0	-190	-190	2147501824	正常
20080328	8456	空头	20080331	8498	1	0	-210	-210	2147501568	正常
20080331	8498	多头	20080401	8316	1	0	-910	-910	2147500544	正常
20080401	8316	空头	20080402	8310	1	0	30	30	2147500544	正常
20080402	8310	多头	20080403	8334	1	0	120	120	2147500544	正常
20080403	8334	空头	20080407	8270	1	0	320	320	2147500800	正常
20080407	8270	多头	20080408	8260	1	0	-50	-50	2147500800	正常
20080408	8260	空头	20080410	8310	1	0	-250	-250	2147500544	正常
20080410	8310	多头	20080411	8134	1	0	-880	-880	2147499776	正常
20080411	8134	空头	20080414	8120	1	0	70	70	2147499776	正常
20080414	8120	多头	20080415	8088	1	0	-160	-160	2147499520	正常
20080415	8088	空头	20080416	8064	1	0	120	120	2147499520	正常
20080416	8064	多头	20080417	7950	1	0	-570	-570	2147499008	正常
20080417	7950	空头	20080418	7998	1	0	-240	-240	2147498752	正常
20080418	7998	多头	20080421	7920	1	0	-390	-390	2147498240	正常
20080421	7920	空头	20080422	7830	1	0	450	450	2147498752	正常
20080422	7830	多头	20080423	7890	1	0	300	300	2147499008	正常
20080423	7890	空头	20080424	8000	1	0	-550	-550	2147498496	正常
20080424	8000	多头	20080425	8156	1	0	780	780	2147499264	正常
20080425	8156	空头	20080428	8154	1	0	10	10	2147499264	正常
20080428	8154	多头	20080429	8138	1	0	-80	-80	2147499264	正常
20080429	8138	空头	20080430	8170	1	0	-160	-160	2147499008	正常
20080430	8170	多头	20080505	7984	1	0	-930	-930	2147497984	正常
20080505	7984	空头	20080506	7960	1	0	120	120	2147497984	正常
20080506	7960	多头	20080507	8086	1	0	630	630	2147498496	正常
20080507	8086	空头	20080508	8006	1	0	400	400	2147499008	正常
20080508	8006	多头	20080509	8058	1	0	260	260	2147499264	正常
20080509	8058	空头	20080512	8154	1	0	-480	-480	2147498752	正常
20080512	8154	多头	20080513	8190	1	0	180	180	2147499008	正常
20080513	8190	空头	20080514	8274	1	0	-420	-420	2147498496	正常
20080514	8274	多头	20080515	8318	1	0	220	220	2147498752	正常
20080515	8318	空头	20080516	8430	1	0	-560	-560	2147498240	正常
20080516	8430	多头	20080519	8454	1	0	120	120	2147498240	正常
20080519	8454	空头	20080520	8428	1	0	130	130	2147498496	正常
20080520	8428	多头	20080521	8496	1	0	340	340	2147498752	正常
20080521	8496	空头	20080522	8636	1	0	-700	-700	2147497984	正常
20080522	8636	多头	20080523	8600	1	0	-180	-180	2147497728	正常
20080523	8600	空头	20080526	8760	1	0	-800	-800	2147496960	正常
20080526	8760	多头	20080527	8676	1	0	-420	-420	2147496448	正常
20080527	8676	空头	20080528	8648	1	0	140	140	2147496704	正常
20080528	8648	多头	20080529	8688	1	0	200	200	2147496960	正常
20080529	8688	空头	20080530	8716	1	0	-140	-140	2147496704	正常
20080530	8716	多头	20080602	8880	1	0	820	820	2147497472	正常
20080602	8880	空头	20080603	8962	1	0	-410	-410	2147496960	正常
20080603	8962	多头	20080604	9030	1	0	340	340	2147497216	正常
20080604	9030	空头	20080605	9156	1	0	-630	-630	2147496704	正常
20080605	9156	多头	20080606	9258	1	0	510	510	2147497216	正常
20080606	9258	空头	20080610	9358	1	0	-500	-500	2147496704	正常
20080610	9358	多头	20080611	9298	1	0	-300	-300	2147496448	正常
20080611	9298	空头	20080612	9382	1	0	-420	-420	2147495936	正常
20080612	9382	多头	20080613	9532	1	0	750	750	2147496704	正常
20080613	9532	空头	20080616	9776	1	0	-1220	-1220	2147495424	正常
20080616	9776	多头	20080617	9688	1	0	-440	-440	2147494912	正常
20080617	9688	空头	20080618	9652	1	0	180	180	2147495168	正常
20080618	9652	多头	20080619	9740	1	0	440	440	2147495680	正常
20080619	9740	空头	20080620	9480	1	0	1300	1300	2147496960	正常
20080620	9480	多头	20080623	9550	1	0	350	350	2147497216	正常
20080623	9550	空头	20080624	9416	1	0	670	670	2147497984	正常
20080624	9416	多头	20080625	9380	1	0	-180	-180	2147497728	正常
20080625	9380	空头	20080626	9432	1	0	-260	-260	2147497472	正常
20080626	9432	多头	20080627	9480	1	0	240	240	2147497728	正常
20080627	9480	空头	20080630	9390	1	0	450	450	2147498240	正常
20080630	9390	多头	20080701	9424	1	0	170	170	2147498496	正常
20080701	9424	空头	20080702	9560	1	0	-680	-680	2147497728	正常
20080702	9560	多头	20080703	9504	1	0	-280	-280	2147497472	正常
20080703	9504	空头	20080704	9568	1	0	-320	-320	2147497216	正常
20080704	9568	多头	20080707	9506	1	0	-310	-310	2147496960	正常
20080707	9506	空头	20080708	9520	1	0	-70	-70	2147496960	正常
20080708	9520	多头	20080709	9382	1	0	-690	-690	2147496192	正常
20080709	9382	空头	20080710	9288	1	0	470	470	2147496704	正常
20080710	9288	多头	20080711	9350	1	0	310	310	2147496960	正常
20080711	9350	空头	20080714	9342	1	0	40	40	2147496960	正常
20080714	9342	多头	20080715	9300	1	0	-210	-210	2147496704	正常
20080715	9300	空头	20080716	9204	1	0	480	480	2147497216	正常
20080716	9204	多头	20080717	9280	1	0	380	380	2147497472	正常
20080717	9280	空头	20080718	9334	1	0	-270	-270	2147497216	正常
20080718	9334	多头	20080721	9300	1	0	-170	-170	2147496960	正常
20080721	9300	空头	20080722	9242	1	0	290	290	2147497216	正常
20080722	9242	多头	20080723	9140	1	0	-510	-510	2147496704	正常
20080723	9140	空头	20080724	8976	1	0	820	820	2147497472	正常
20080724	8976	多头	20080725	9120	1	0	720	720	2147498240	正常
20080725	9120	空头	20080728	9060	1	0	300	300	2147498496	正常
20080728	9060	多头	20080729	9152	1	0	460	460	2147499008	正常
20080729	9152	空头	20080730	9054	1	0	490	490	2147499520	正常
20080730	9054	多头	20080731	9146	1	0	460	460	2147500032	正常
20080731	9146	空头	20080801	9144	1	0	10	10	2147500032	正常
20080801	9144	多头	20080804	9252	1	0	540	540	2147500544	正常
20080804	9252	空头	20080805	9086	1	0	830	830	2147501312	正常
20080805	9086	多头	20080806	9092	1	0	30	30	2147501312	正常
20080806	9092	空头	20080807	8912	1	0	900	900	2147502336	正常
20080807	8912	多头	20080808	8968	1	0	280	280	2147502592	正常
20080808	8968	空头	20080811	8792	1	0	880	880	2147503360	正常
20080811	8792	多头	20080812	8844	1	0	260	260	2147503616	正常
20080812	8844	空头	20080813	8990	1	0	-730	-730	2147502848	正常
20080813	8990	多头	20080814	8860	1	0	-650	-650	2147502080	正常
20080814	8860	空头	20080815	8890	1	0	-150	-150	2147501824	正常
20080815	8890	多头	20080818	9060	1	0	850	850	2147502592	正常
20080818	9060	空头	20080819	9188	1	0	-640	-640	2147502080	正常
20080819	9188	多头	20080820	9280	1	0	460	460	2147502592	正常
20080820	9280	空头	20080821	9024	1	0	1280	1280	2147503872	正常
20080821	9024	多头	20080822	9140	1	0	580	580	2147504384	正常
20080822	9140	空头	20080825	8816	1	0	1620	1620	2147505920	正常
20080825	8816	多头	20080826	8672	1	0	-720	-720	2147505152	正常
20080826	8672	空头	20080827	8874	1	0	-1010	-1010	2147504128	正常
20080827	8874	多头	20080828	8836	1	0	-190	-190	2147503872	正常
20080828	8836	空头	20080829	8824	1	0	60	60	2147503872	正常
20080829	8824	多头	20080901	8866	1	0	210	210	2147504128	正常
20080901	8866	空头	20080902	8808	1	0	290	290	2147504384	正常
20080902	8808	多头	20080903	8860	1	0	260	260	2147504640	正常
20080903	8860	空头	20080904	8558	1	0	1510	1510	2147506176	正常
20080904	8558	多头	20080905	8620	1	0	310	310	2147506432	正常
20080905	8620	空头	20080908	8400	1	0	1100	1100	2147507456	正常
20080908	8400	多头	20080909	8490	1	0	450	450	2147507968	正常
20080909	8490	空头	20080910	8672	1	0	-910	-910	2147506944	正常
20080910	8672	多头	20080911	8502	1	0	-850	-850	2147506176	正常
20080911	8502	空头	20080912	8650	1	0	-740	-740	2147505408	正常
20080912	8650	多头	20080916	7300	1	0	-6750	-6750	2147498752	正常
20080916	7300	空头	20080924	7198	1	0	510	510	2147499264	正常
20080924	7198	多头	20080925	7254	1	0	280	280	2147499520	正常
20080925	7254	空头	20081006	7044	1	0	1050	1050	2147500544	正常
20081006	7044	多头	20081007	6914	1	0	-650	-650	2147499776	正常
20081007	6914	空头	20081008	6858	1	0	280	280	2147500032	正常
20081008	6858	多头	20081009	6880	1	0	110	110	2147500032	正常
20081009	6880	空头	20081010	6692	1	0	940	940	2147501056	正常
20081010	6692	多头	20081013	6504	1	0	-940	-940	2147500032	正常
20081013	6504	空头	20081014	6570	1	0	-330	-330	2147499776	正常
20081014	6570	多头	20081015	6452	1	0	-590	-590	2147499264	正常
20081015	6452	空头	20081016	6234	1	0	1090	1090	2147500288	正常
20081016	6234	多头	20081017	5900	1	0	-1670	-1670	2147498496	正常
20081017	5900	空头	20081020	6000	1	0	-500	-500	2147497984	正常
20081020	6000	多头	20081021	5850	1	0	-750	-750	2147497216	正常
20081021	5850	空头	20081022	5716	1	0	670	670	2147497984	正常
20081022	5716	多头	20081023	5600	1	0	-580	-580	2147497472	正常
20081023	5600	空头	20081024	5414	1	0	930	930	2147498496	正常
20081024	5414	多头	20081027	5372	1	0	-210	-210	2147498240	正常
20081027	5372	空头	20081028	5094	1	0	1390	1390	2147499520	正常
20081028	5094	多头	20081029	4936	1	0	-790	-790	2147498752	正常
20081029	4936	空头	20081030	4988	1	0	-260	-260	2147498496	正常
20081030	4988	多头	20081031	4848	1	0	-700	-700	2147497728	正常
20081031	4848	空头	20081103	4660	1	0	940	940	2147498752	正常
20081103	4660	多头	20081104	4674	1	0	70	70	2147498752	正常
20081104	4674	空头	20081105	4950	1	0	-1380	-1380	2147497472	正常
20081105	4950	多头	20081106	4790	1	0	-800	-800	2147496704	正常
20081106	4790	空头	20081107	4800	1	0	-50	-50	2147496704	正常
20081107	4800	多头	20081110	4902	1	0	510	510	2147497216	正常
20081110	4902	空头	20081111	4748	1	0	770	770	2147497984	正常
20081111	4748	多头	20081112	4600	1	0	-740	-740	2147497216	正常
20081112	4600	空头	20081113	4586	1	0	70	70	2147497216	正常
20081113	4586	多头	20081114	4712	1	0	630	630	2147497728	正常
20081114	4712	空头	20081117	4826	1	0	-570	-570	2147497216	正常
20081117	4826	多头	20081118	4860	1	0	170	170	2147497472	正常
20081118	4860	空头	20081119	4950	1	0	-450	-450	2147496960	正常
20081119	4950	多头	20081120	4860	1	0	-450	-450	2147496448	正常
20081120	4860	空头	20081121	4710	1	0	750	750	2147497216	正常
20081121	4710	多头	20081124	4870	1	0	800	800	2147497984	正常
20081124	4870	空头	20081125	5080	1	0	-1050	-1050	2147496960	正常
20081125	5080	多头	20081126	5094	1	0	70	70	2147496960	正常
20081126	5094	空头	20081127	5202	1	0	-540	-540	2147496448	正常
20081127	5202	多头	20081128	5176	1	0	-130	-130	2147496192	正常
20081128	5176	空头	20081201	5216	1	0	-200	-200	2147495936	正常
20081201	5216	多头	20081202	5228	1	0	60	60	2147495936	正常
20081202	5228	空头	20081203	5208	1	0	100	100	2147495936	正常
20081203	5208	多头	20081204	5206	1	0	-10	-10	2147495936	正常
20081204	5206	空头	20081205	5086	1	0	600	600	2147496448	正常
20081205	5086	多头	20081208	5098	1	0	60	60	2147496448	正常
20081208	5098	空头	20081209	5250	1	0	-760	-760	2147495680	正常
20081209	5250	多头	20081210	5250	1	0	0	0	2147495680	正常
20081210	5250	空头	20081211	5332	1	0	-410	-410	2147495168	正常
20081211	5332	多头	20081212	5366	1	0	170	170	2147495424	正常
20081212	5366	空头	20081215	5472	1	0	-530	-530	2147494912	正常
20081215	5472	多头	20081216	5420	1	0	-260	-260	2147494656	正常
20081216	5420	空头	20081217	5542	1	0	-610	-610	2147494144	正常
20081217	5542	多头	20081218	5416	1	0	-630	-630	2147493632	正常
20081218	5416	空头	20081219	5402	1	0	70	70	2147493632	正常
20081219	5402	多头	20081222	5504	1	0	510	510	2147494144	正常
20081222	5504	空头	20081223	5540	1	0	-180	-180	2147493888	正常
20081223	5540	多头	20081224	5570	1	0	150	150	2147494144	正常
20081224	5570	空头	20081225	5544	1	0	130	130	2147494400	正常
20081225	5544	多头	20081226	5410	1	0	-670	-670	2147493632	正常
20081226	5410	空头	20081229	5370	1	0	200	200	2147493888	正常
20081229	5370	多头	20081230	5304	1	0	-330	-330	2147493632	正常
20081230	5304	空头	20081231	5320	1	0	-80	-80	2147493632	正常
20081231	5320	多头	20090105	5266	1	0	-270	-270	2147493376	正常
20090105	5266	空头	20090106	5310	1	0	-220	-220	2147493120	正常
20090106	5310	多头	20090107	5622	1	0	1560	1560	2147494656	正常
20090107	5622	空头	20090108	5572	1	0	250	250	2147494912	正常
20090108	5572	多头	20090109	5560	1	0	-60	-60	2147494912	正常
20090109	5560	空头	20090112	5590	1	0	-150	-150	2147494656	正常
20090112	5590	多头	20090113	5524	1	0	-330	-330	2147494400	正常
20090113	5524	空头	20090114	5624	1	0	-500	-500	2147493888	正常
20090114	5624	多头	20090115	5726	1	0	510	510	2147494400	正常
20090115	5726	空头	20090116	5686	1	0	200	200	2147494656	正常
20090116	5686	多头	20090119	5758	1	0	360	360	2147494912	正常
20090119	5758	空头	20090120	5804	1	0	-230	-230	2147494656	正常
20090120	5804	多头	20090121	5782	1	0	-110	-110	2147494656	正常
20090121	5782	空头	20090122	5788	1	0	-30	-30	2147494656	正常
20090122	5788	多头	20090123	5784	1	0	-20	-20	2147494656	正常
20090123	5784	空头	20090202	6098	1	0	-1570	-1570	2147493120	正常
20090202	6098	多头	20090203	6132	1	0	170	170	2147493376	正常
20090203	6132	空头	20090204	6188	1	0	-280	-280	2147493120	正常
20090204	6188	多头	20090205	6200	1	0	60	60	2147493120	正常
20090205	6200	空头	20090206	6240	1	0	-200	-200	2147492864	正常
20090206	6240	多头	20090209	6308	1	0	340	340	2147493120	正常
20090209	6308	空头	20090210	6324	1	0	-80	-80	2147493120	正常
20090210	6324	多头	20090211	6162	1	0	-810	-810	2147492352	正常
20090211	6162	空头	20090212	6190	1	0	-140	-140	2147492096	正常
20090212	6190	多头	20090213	6146	1	0	-220	-220	2147491840	正常
20090213	6146	空头	20090216	6034	1	0	560	560	2147492352	正常
20090216	6034	多头	20090217	6024	1	0	-50	-50	2147492352	正常
20090217	6024	空头	20090218	5830	1	0	970	970	2147493376	正常
20090218	5830	多头	20090219	5716	1	0	-570	-570	2147492864	正常
20090219	5716	空头	20090220	5820	1	0	-520	-520	2147492352	正常
20090220	5820	多头	20090223	5812	1	0	-40	-40	2147492352	正常
20090223	5812	空头	20090224	5804	1	0	40	40	2147492352	正常
20090224	5804	多头	20090225	5888	1	0	420	420	2147492864	正常
20090225	5888	空头	20090226	5810	1	0	390	390	2147493376	正常
20090226	5810	多头	20090227	5674	1	0	-680	-680	2147492608	正常
20090227	5674	空头	20090302	5620	1	0	270	270	2147492864	正常
20090302	5620	多头	20090303	5658	1	0	190	190	2147493120	正常
20090303	5658	空头	20090304	5692	1	0	-170	-170	2147492864	正常
20090304	5692	多头	20090305	5720	1	0	140	140	2147493120	正常
20090305	5720	空头	20090306	5668	1	0	260	260	2147493376	正常
20090306	5668	多头	20090309	5724	1	0	280	280	2147493632	正常
20090309	5724	空头	20090310	5718	1	0	30	30	2147493632	正常
20090310	5718	多头	20090311	5802	1	0	420	420	2147494144	正常
20090311	5802	空头	20090312	5758	1	0	220	220	2147494400	正常
20090312	5758	多头	20090313	5838	1	0	400	400	2147494912	正常
20090313	5838	空头	20090316	5850	1	0	-60	-60	2147494912	正常
20090316	5850	多头	20090317	5904	1	0	270	270	2147495168	正常
20090317	5904	空头	20090318	5998	1	0	-470	-470	2147494656	正常
20090318	5998	多头	20090319	6054	1	0	280	280	2147494912	正常
20090319	6054	空头	20090320	6200	1	0	-730	-730	2147494144	正常
20090320	6200	多头	20090323	6338	1	0	690	690	2147494912	正常
20090323	6338	空头	20090324	6270	1	0	340	340	2147495168	正常
20090324	6270	多头	20090325	6216	1	0	-270	-270	2147494912	正常
20090325	6216	空头	20090326	6236	1	0	-100	-100	2147494912	正常
20090326	6236	多头	20090327	6410	1	0	870	870	2147495680	正常
20090327	6410	空头	20090330	6474	1	0	-320	-320	2147495424	正常
20090330	6474	多头	20090331	6460	1	0	-70	-70	2147495424	正常
20090331	6460	空头	20090401	6552	1	0	-460	-460	2147494912	正常
20090401	6552	多头	20090402	6668	1	0	580	580	2147495424	正常
20090402	6668	空头	20090403	6612	1	0	280	280	2147495680	正常
20090403	6612	多头	20090407	6536	1	0	-380	-380	2147495424	正常
20090407	6536	空头	20090408	6550	1	0	-70	-70	2147495424	正常
20090408	6550	多头	20090409	6596	1	0	230	230	2147495680	正常
20090409	6596	空头	20090410	6680	1	0	-420	-420	2147495168	正常
20090410	6680	多头	20090413	6500	1	0	-900	-900	2147494144	正常
20090413	6500	空头	20090414	6488	1	0	60	60	2147494144	正常
20090414	6488	多头	20090415	6682	1	0	970	970	2147495168	正常
20090415	6682	空头	20090416	6954	1	0	-1360	-1360	2147493888	正常
20090416	6954	多头	20090417	6958	1	0	20	20	2147493888	正常
20090417	6958	空头	20090420	7052	1	0	-470	-470	2147493376	正常
20090420	7052	多头	20090421	6884	1	0	-840	-840	2147492608	正常
20090421	6884	空头	20090422	6892	1	0	-40	-40	2147492608	正常
20090422	6892	多头	20090423	6842	1	0	-250	-250	2147492352	正常
20090423	6842	空头	20090424	6892	1	0	-250	-250	2147492096	正常
20090424	6892	多头	20090427	6986	1	0	470	470	2147492608	正常
20090427	6986	空头	20090428	7230	1	0	-1220	-1220	2147491328	正常
20090428	7230	多头	20090429	7300	1	0	350	350	2147491584	正常
20090429	7300	空头	20090430	7306	1	0	-30	-30	2147491584	正常
20090430	7306	多头	20090504	7280	1	0	-130	-130	2147491328	正常
20090504	7280	空头	20090505	7158	1	0	610	610	2147491840	正常
20090505	7158	多头	20090506	7126	1	0	-160	-160	2147491584	正常
20090506	7126	空头	20090507	7100	1	0	130	130	2147491840	正常
20090507	7100	多头	20090508	7110	1	0	50	50	2147491840	正常
20090508	7110	空头	20090511	7122	1	0	-60	-60	2147491840	正常
20090511	7122	多头	20090512	7006	1	0	-580	-580	2147491328	正常
20090512	7006	空头	20090513	7044	1	0	-190	-190	2147491072	正常
20090513	7044	多头	20090514	6850	1	0	-970	-970	2147490048	正常
20090514	6850	空头	20090515	6878	1	0	-140	-140	2147489792	正常
20090515	6878	多头	20090518	6968	1	0	450	450	2147490304	正常
20090518	6968	空头	20090519	6982	1	0	-70	-70	2147490304	正常
20090519	6982	多头	20090520	6882	1	0	-500	-500	2147489792	正常
20090520	6882	空头	20090521	6870	1	0	60	60	2147489792	正常
20090521	6870	多头	20090522	6820	1	0	-250	-250	2147489536	正常
20090522	6820	空头	20090525	6780	1	0	200	200	2147489792	正常
20090525	6780	多头	20090526	6804	1	0	120	120	2147489792	正常
20090526	6804	空头	20090527	6790	1	0	70	70	2147489792	正常
20090527	6790	多头	20090601	6860	1	0	350	350	2147490048	正常
20090601	6860	空头	20090602	6930	1	0	-350	-350	2147489792	正常
20090602	6930	多头	20090603	6904	1	0	-130	-130	2147489536	正常
20090603	6904	空头	20090604	6790	1	0	570	570	2147490048	正常
20090604	6790	多头	20090605	6834	1	0	220	220	2147490304	正常
20090605	6834	空头	20090608	6792	1	0	210	210	2147490560	正常
20090608	6792	多头	20090609	6638	1	0	-770	-770	2147489792	正常
20090609	6638	空头	20090610	6690	1	0	-260	-260	2147489536	正常
20090610	6690	多头	20090611	6720	1	0	150	150	2147489792	正常
20090611	6720	空头	20090612	6800	1	0	-400	-400	2147489280	正常
20090612	6800	多头	20090615	6810	1	0	50	50	2147489280	正常
20090615	6810	空头	20090616	6784	1	0	130	130	2147489536	正常
20090616	6784	多头	20090617	6754	1	0	-150	-150	2147489280	正常
20090617	6754	空头	20090618	6814	1	0	-300	-300	2147489024	正常
20090618	6814	多头	20090619	6908	1	0	470	470	2147489536	正常
20090619	6908	空头	20090622	6922	1	0	-70	-70	2147489536	正常
20090622	6922	多头	20090623	6758	1	0	-820	-820	2147488768	正常
20090623	6758	空头	20090624	6770	1	0	-60	-60	2147488768	正常
20090624	6770	多头	20090625	6762	1	0	-40	-40	2147488768	正常
20090625	6762	空头	20090626	6832	1	0	-350	-350	2147488512	正常
20090626	6832	多头	20090629	6816	1	0	-80	-80	2147488512	正常
20090629	6816	空头	20090630	6870	1	0	-270	-270	2147488256	正常
20090630	6870	多头	20090701	6960	1	0	450	450	2147488768	正常
20090701	6960	空头	20090702	6996	1	0	-180	-180	2147488512	正常
20090702	6996	多头	20090703	6940	1	0	-280	-280	2147488256	正常
20090703	6940	空头	20090706	6976	1	0	-180	-180	2147488000	正常
20090706	6976	多头	20090707	6992	1	0	80	80	2147488000	正常
20090707	6992	空头	20090708	6966	1	0	130	130	2147488256	正常
20090708	6966	多头	20090709	6972	1	0	30	30	2147488256	正常
20090709	6972	空头	20090710	7092	1	0	-600	-600	2147487744	正常
20090710	7092	多头	20090713	7130	1	0	190	190	2147488000	正常
20090713	7130	空头	20090714	7216	1	0	-430	-430	2147487488	正常
20090714	7216	多头	20090715	7272	1	0	280	280	2147487744	正常
20090715	7272	空头	20090716	7266	1	0	30	30	2147487744	正常
20090716	7266	多头	20090717	7212	1	0	-270	-270	2147487488	正常
20090717	7212	空头	20090720	7214	1	0	-10	-10	2147487488	正常
20090720	7214	多头	20090721	7206	1	0	-40	-40	2147487488	正常
20090721	7206	空头	20090722	7220	1	0	-70	-70	2147487488	正常
20090722	7220	多头	20090723	7296	1	0	380	380	2147487744	正常
20090723	7296	空头	20090724	7412	1	0	-580	-580	2147487232	正常
20090724	7412	多头	20090727	7514	1	0	510	510	2147487744	正常
20090727	7514	空头	20090728	7650	1	0	-680	-680	2147486976	正常
20090728	7650	多头	20090729	7702	1	0	260	260	2147487232	正常
20090729	7702	空头	20090730	7756	1	0	-270	-270	2147486976	正常
20090730	7756	多头	20090731	7852	1	0	480	480	2147487488	正常
20090731	7852	空头	20090803	7966	1	0	-570	-570	2147486976	正常
20090803	7966	多头	20090804	8224	1	0	1290	1290	2147488256	正常
20090804	8224	空头	20090805	8370	1	0	-730	-730	2147487488	正常
20090805	8370	多头	20090806	8338	1	0	-160	-160	2147487232	正常
20090806	8338	空头	20090807	8030	1	0	1540	1540	2147488768	正常
20090807	8030	多头	20090810	7850	1	0	-900	-900	2147487744	正常
20090810	7850	空头	20090811	7940	1	0	-450	-450	2147487232	正常
20090811	7940	多头	20090812	8194	1	0	1270	1270	2147488512	正常
20090812	8194	空头	20090813	8132	1	0	310	310	2147488768	正常
20090813	8132	多头	20090814	8056	1	0	-380	-380	2147488512	正常
20090814	8056	空头	20090817	7996	1	0	300	300	2147488768	正常
20090817	7996	多头	20090818	7930	1	0	-330	-330	2147488512	正常
20090818	7930	空头	20090819	7870	1	0	300	300	2147488768	正常
20090819	7870	多头	20090820	7850	1	0	-100	-100	2147488768	正常
20090820	7850	空头	20090821	7802	1	0	240	240	2147489024	正常
20090821	7802	多头	20090824	7788	1	0	-70	-70	2147489024	正常
20090824	7788	空头	20090825	7658	1	0	650	650	2147489792	正常
20090825	7658	多头	20090826	7660	1	0	10	10	2147489792	正常
20090826	7660	空头	20090827	7660	1	0	0	0	2147489792	正常
20090827	7660	多头	20090828	7654	1	0	-30	-30	2147489792	正常
20090828	7654	空头	20090831	7490	1	0	820	820	2147490560	正常
20090831	7490	多头	20090901	7414	1	0	-380	-380	2147490304	正常
20090901	7414	空头	20090902	7202	1	0	1060	1060	2147491328	正常
20090902	7202	多头	20090903	6970	1	0	-1160	-1160	2147490048	正常
20090903	6970	空头	20090904	7058	1	0	-440	-440	2147489536	正常
20090904	7058	多头	20090907	7290	1	0	1160	1160	2147490816	正常
20090907	7290	空头	20090908	7074	1	0	1080	1080	2147491840	正常
20090908	7074	多头	20090909	7142	1	0	340	340	2147492096	正常
20090909	7142	空头	20090910	7092	1	0	250	250	2147492352	正常
20090910	7092	多头	20090914	6864	1	0	-1140	-1140	2147491328	正常
20090914	6864	空头	20090915	7050	1	0	-930	-930	2147490304	正常
20090915	7050	多头	20090916	7114	1	0	320	320	2147490560	正常
20090916	7114	空头	20090918	7122	1	0	-40	-40	2147490560	正常
20090918	7122	多头	20090921	7104	1	0	-90	-90	2147490560	正常
20090921	7104	空头	20090922	7062	1	0	210	210	2147490816	正常
20090922	7062	多头	20090923	7064	1	0	10	10	2147490816	正常
20090923	7064	空头	20090925	6930	1	0	670	670	2147491584	正常
20090925	6930	多头	20090928	6980	1	0	250	250	2147491840	正常
20090928	6980	空头	20090930	7000	1	0	-100	-100	2147491840	正常
20090930	7000	多头	20091009	7098	1	0	490	490	2147492352	正常
20091009	7098	空头	20091012	7100	1	0	-10	-10	2147492352	正常
20091012	7100	多头	20091013	7292	1	0	960	960	2147493376	正常
20091013	7292	空头	20091014	7470	1	0	-890	-890	2147492608	正常
20091014	7470	多头	20091015	7418	1	0	-260	-260	2147492352	正常
20091015	7418	空头	20091016	7340	1	0	390	390	2147492864	正常
20091016	7340	多头	20091019	7560	1	0	1100	1100	2147493888	正常
20091019	7560	空头	20091020	7648	1	0	-440	-440	2147493376	正常
20091020	7648	多头	20091021	7502	1	0	-730	-730	2147492608	正常
20091021	7502	空头	20091022	7526	1	0	-120	-120	2147492608	正常
20091022	7526	多头	20091023	7516	1	0	-50	-50	2147492608	正常
20091023	7516	空头	20091026	7518	1	0	-10	-10	2147492608	正常
20091026	7518	多头	20091027	7564	1	0	230	230	2147492864	正常
20091027	7564	空头	20091028	7688	1	0	-620	-620	2147492352	正常
20091028	7688	多头	20091029	7574	1	0	-570	-570	2147491840	正常
20091029	7574	空头	20091030	7638	1	0	-320	-320	2147491584	正常
20091030	7638	多头	20091103	7542	1	0	-480	-480	2147491072	正常
20091103	7542	空头	20091104	7634	1	0	-460	-460	2147490560	正常
20091104	7634	多头	20091105	7672	1	0	190	190	2147490816	正常
20091105	7672	空头	20091106	7750	1	0	-390	-390	2147490304	正常
20091106	7750	多头	20091109	7808	1	0	290	290	2147490560	正常
20091109	7808	空头	20091110	7780	1	0	140	140	2147490816	正常
20091110	7780	多头	20091111	7870	1	0	450	450	2147491328	正常
20091111	7870	空头	20091112	7948	1	0	-390	-390	2147490816	正常
20091112	7948	多头	20091113	7938	1	0	-50	-50	2147490816	正常
20091113	7938	空头	20091116	7938	1	0	0	0	2147490816	正常
20091116	7938	多头	20091117	8026	1	0	440	440	2147491328	正常
20091117	8026	空头	20091118	7920	1	0	530	530	2147491840	正常
20091118	7920	多头	20091119	8000	1	0	400	400	2147492352	正常
20091119	8000	空头	20091120	8086	1	0	-430	-430	2147491840	正常
20091120	8086	多头	20091123	8200	1	0	570	570	2147492352	正常
20091123	8200	空头	20091124	8282	1	0	-410	-410	2147491840	正常
20091124	8282	多头	20091125	8280	1	0	-10	-10	2147491840	正常
20091125	8280	空头	20091126	8236	1	0	220	220	2147492096	正常
20091126	8236	多头	20091127	7984	1	0	-1260	-1260	2147490816	正常
20091127	7984	空头	20091130	8000	1	0	-80	-80	2147490816	正常
20091130	8000	多头	20091201	8046	1	0	230	230	2147491072	正常
20091201	8046	空头	20091202	8196	1	0	-750	-750	2147490304	正常
20091202	8196	多头	20091203	8250	1	0	270	270	2147490560	正常
20091203	8250	空头	20091204	8276	1	0	-130	-130	2147490304	正常
20091204	8276	多头	20091207	8234	1	0	-210	-210	2147490048	正常
20091207	8234	空头	20091208	8202	1	0	160	160	2147490304	正常
20091208	8202	多头	20091209	8118	1	0	-420	-420	2147489792	正常
20091209	8118	空头	20091210	8076	1	0	210	210	2147490048	正常
20091210	8076	多头	20091211	8150	1	0	370	370	2147490304	正常
20091211	8150	空头	20091214	8184	1	0	-170	-170	2147490048	正常
20091214	8184	多头	20091215	8184	1	0	0	0	2147490048	正常
20091215	8184	空头	20091216	8248	1	0	-320	-320	2147489792	正常
20091216	8248	多头	20091217	8202	1	0	-230	-230	2147489536	正常
20091217	8202	空头	20091218	8200	1	0	10	10	2147489536	正常
20091218	8200	多头	20091221	8262	1	0	310	310	2147489792	正常
20091221	8262	空头	20091222	8110	1	0	760	760	2147490560	正常
20091222	8110	多头	20091223	8016	1	0	-470	-470	2147490048	正常
20091223	8016	空头	20091224	8036	1	0	-100	-100	2147490048	正常
20091224	8036	多头	20091225	8142	1	0	530	530	2147490560	正常
20091225	8142	空头	20091228	8196	1	0	-270	-270	2147490304	正常
20091228	8196	多头	20091229	8362	1	0	830	830	2147491072	正常
20091229	8362	空头	20091230	8378	1	0	-80	-80	2147491072	正常
20091230	8378	多头	20091231	8400	1	0	110	110	2147491072	正常
20091231	8400	空头	20100104	8440	1	0	-200	-200	2147490816	正常
20100104	8440	多头	20100105	8556	1	0	580	580	2147491328	正常
20100105	8556	空头	20100106	8494	1	0	310	310	2147491584	正常
20100106	8494	多头	20100107	8300	1	0	-970	-970	2147490560	正常
20100107	8300	空头	20100108	8330	1	0	-150	-150	2147490304	正常
20100108	8330	多头	20100111	8468	1	0	690	690	2147491072	正常
20100111	8468	空头	20100112	8434	1	0	170	170	2147491328	正常
20100112	8434	多头	20100113	8394	1	0	-200	-200	2147491072	正常
20100113	8394	空头	20100114	8526	1	0	-660	-660	2147490304	正常
20100114	8526	多头	20100115	8460	1	0	-330	-330	2147490048	正常
20100115	8460	空头	20100118	8398	1	0	310	310	2147490304	正常
20100118	8398	多头	20100119	8612	1	0	1070	1070	2147491328	正常
20100119	8612	空头	20100120	8636	1	0	-120	-120	2147491328	正常
20100120	8636	多头	20100121	8600	1	0	-180	-180	2147491072	正常
20100121	8600	空头	20100122	8486	1	0	570	570	2147491584	正常
20100122	8486	多头	20100125	8404	1	0	-410	-410	2147491072	正常
20100125	8404	空头	20100126	8456	1	0	-260	-260	2147490816	正常
20100126	8456	多头	20100127	8244	1	0	-1060	-1060	2147489792	正常
20100127	8244	空头	20100128	8100	1	0	720	720	2147490560	正常
20100128	8100	多头	20100129	8210	1	0	550	550	2147491072	正常
20100129	8210	空头	20100201	8100	1	0	550	550	2147491584	正常
20100201	8100	多头	20100202	8142	1	0	210	210	2147491840	正常
20100202	8142	空头	20100203	8256	1	0	-570	-570	2147491328	正常
20100203	8256	多头	20100204	8150	1	0	-530	-530	2147490816	正常
20100204	8150	空头	20100205	8148	1	0	10	10	2147490816	正常
20100205	8148	多头	20100208	8196	1	0	240	240	2147491072	正常
20100208	8196	空头	20100209	8202	1	0	-30	-30	2147491072	正常
20100209	8202	多头	20100210	8352	1	0	750	750	2147491840	正常
20100210	8352	空头	20100211	8436	1	0	-420	-420	2147491328	正常
20100211	8436	多头	20100212	8512	1	0	380	380	2147491584	正常
20100212	8512	空头	20100222	8622	1	0	-550	-550	2147491072	正常
20100222	8622	多头	20100223	8600	1	0	-110	-110	2147491072	正常
20100223	8600	空头	20100224	8658	1	0	-290	-290	2147490816	正常
20100224	8658	多头	20100225	8600	1	0	-290	-290	2147490560	正常
20100225	8600	空头	20100226	8588	1	0	60	60	2147490560	正常
20100226	8588	多头	20100301	8606	1	0	90	90	2147490560	正常
20100301	8606	空头	20100302	8564	1	0	210	210	2147490816	正常
20100302	8564	多头	20100303	8534	1	0	-150	-150	2147490560	正常
20100303	8534	空头	20100304	8452	1	0	410	410	2147491072	正常
20100304	8452	多头	20100305	8444	1	0	-40	-40	2147491072	正常
20100305	8444	空头	20100308	8542	1	0	-490	-490	2147490560	正常
20100308	8542	多头	20100309	8648	1	0	530	530	2147491072	正常
20100309	8648	空头	20100310	8642	1	0	30	30	2147491072	正常
20100310	8642	多头	20100311	8528	1	0	-570	-570	2147490560	正常
20100311	8528	空头	20100312	8528	1	0	0	0	2147490560	正常
20100312	8528	多头	20100315	8354	1	0	-870	-870	2147489792	正常
20100315	8354	空头	20100316	8250	1	0	520	520	2147490304	正常
20100316	8250	多头	20100317	8396	1	0	730	730	2147491072	正常
20100317	8396	空头	20100318	8450	1	0	-270	-270	2147490816	正常
20100318	8450	多头	20100319	8410	1	0	-200	-200	2147490560	正常
20100319	8410	空头	20100322	8378	1	0	160	160	2147490816	正常
20100322	8378	多头	20100323	8396	1	0	90	90	2147490816	正常
20100323	8396	空头	20100324	8356	1	0	200	200	2147491072	正常
20100324	8356	多头	20100325	8426	1	0	350	350	2147491328	正常
20100325	8426	空头	20100326	8448	1	0	-110	-110	2147491328	正常
20100326	8448	多头	20100329	8592	1	0	720	720	2147492096	正常
20100329	8592	空头	20100330	8568	1	0	120	120	2147492096	正常
20100330	8568	多头	20100331	8556	1	0	-60	-60	2147492096	正常
20100331	8556	空头	20100401	8570	1	0	-70	-70	2147492096	正常
20100401	8570	多头	20100402	8632	1	0	310	310	2147492352	正常
20100402	8632	空头	20100406	8704	1	0	-360	-360	2147492096	正常
20100406	8704	多头	20100407	8686	1	0	-90	-90	2147492096	正常
20100407	8686	空头	20100408	8628	1	0	290	290	2147492352	正常
20100408	8628	多头	20100409	8622	1	0	-30	-30	2147492352	正常
20100409	8622	空头	20100412	8636	1	0	-70	-70	2147492352	正常
20100412	8636	多头	20100413	8590	1	0	-230	-230	2147492096	正常
20100413	8590	空头	20100414	8616	1	0	-130	-130	2147491840	正常
20100414	8616	多头	20100415	8646	1	0	150	150	2147492096	正常
20100415	8646	空头	20100416	8600	1	0	230	230	2147492352	正常
20100416	8600	多头	20100419	8460	1	0	-700	-700	2147491584	正常
20100419	8460	空头	20100420	8482	1	0	-110	-110	2147491584	正常
20100420	8482	多头	20100421	8530	1	0	240	240	2147491840	正常
20100421	8530	空头	20100422	8504	1	0	130	130	2147492096	正常
20100422	8504	多头	20100423	8512	1	0	40	40	2147492096	正常
20100423	8512	空头	20100426	8544	1	0	-160	-160	2147491840	正常
20100426	8544	多头	20100427	8474	1	0	-350	-350	2147491584	正常
20100427	8474	空头	20100428	8330	1	0	720	720	2147492352	正常
20100428	8330	多头	20100429	8374	1	0	220	220	2147492608	正常
20100429	8374	空头	20100430	8354	1	0	100	100	2147492608	正常
20100430	8354	多头	20100504	8318	1	0	-180	-180	2147492352	正常
20100504	8318	空头	20100505	8200	1	0	590	590	2147492864	正常
20100505	8200	多头	20100506	8190	1	0	-50	-50	2147492864	正常
20100506	8190	空头	20100507	8030	1	0	800	800	2147493632	正常
20100507	8030	多头	20100510	7990	1	0	-200	-200	2147493376	正常
20100510	7990	空头	20100511	8040	1	0	-250	-250	2147493120	正常
20100511	8040	多头	20100512	8012	1	0	-140	-140	2147492864	正常
20100512	8012	空头	20100513	8020	1	0	-40	-40	2147492864	正常
20100513	8020	多头	20100514	7816	1	0	-1020	-1020	2147491840	正常
20100514	7816	空头	20100517	7570	1	0	1230	1230	2147493120	正常
20100517	7570	多头	20100518	7362	1	0	-1040	-1040	2147492096	正常
20100518	7362	空头	20100519	7462	1	0	-500	-500	2147491584	正常
20100519	7462	多头	20100520	7564	1	0	510	510	2147492096	正常
20100520	7564	空头	20100521	7388	1	0	880	880	2147492864	正常
20100521	7388	多头	20100524	7456	1	0	340	340	2147493120	正常
20100524	7456	空头	20100525	7308	1	0	740	740	2147493888	正常
20100525	7308	多头	20100526	7366	1	0	290	290	2147494144	正常
20100526	7366	空头	20100527	7394	1	0	-140	-140	2147493888	正常
20100527	7394	多头	20100528	7562	1	0	840	840	2147494656	正常
20100528	7562	空头	20100531	7542	1	0	100	100	2147494656	正常
20100531	7542	多头	20100601	7470	1	0	-360	-360	2147494400	正常
20100601	7470	空头	20100602	7320	1	0	750	750	2147495168	正常
20100602	7320	多头	20100603	7414	1	0	470	470	2147495680	正常
20100603	7414	空头	20100604	7350	1	0	320	320	2147495936	正常
20100604	7350	多头	20100607	7090	1	0	-1300	-1300	2147494656	正常
20100607	7090	空头	20100608	7062	1	0	140	140	2147494912	正常
20100608	7062	多头	20100609	7098	1	0	180	180	2147495168	正常
20100609	7098	空头	20100610	7202	1	0	-520	-520	2147494656	正常
20100610	7202	多头	20100611	7232	1	0	150	150	2147494912	正常
20100611	7232	空头	20100617	7288	1	0	-280	-280	2147494656	正常
20100617	7288	多头	20100618	7278	1	0	-50	-50	2147494656	正常
20100618	7278	空头	20100621	7360	1	0	-410	-410	2147494144	正常
20100621	7360	多头	20100622	7432	1	0	360	360	2147494400	正常
20100622	7432	空头	20100623	7356	1	0	380	380	2147494656	正常
20100623	7356	多头	20100624	7352	1	0	-20	-20	2147494656	正常
20100624	7352	空头	20100625	7368	1	0	-80	-80	2147494656	正常
20100625	7368	多头	20100628	7412	1	0	220	220	2147494912	正常
20100628	7412	空头	20100629	7296	1	0	580	580	2147495424	正常
20100629	7296	多头	20100630	7232	1	0	-320	-320	2147495168	正常
20100630	7232	空头	20100701	7136	1	0	480	480	2147495680	正常
20100701	7136	多头	20100702	7088	1	0	-240	-240	2147495424	正常
20100702	7088	空头	20100705	7158	1	0	-350	-350	2147495168	正常
20100705	7158	多头	20100706	7094	1	0	-320	-320	2147494912	正常
20100706	7094	空头	20100707	7158	1	0	-320	-320	2147494656	正常
20100707	7158	多头	20100708	7224	1	0	330	330	2147494912	正常
20100708	7224	空头	20100709	7230	1	0	-30	-30	2147494912	正常
20100709	7230	多头	20100712	7176	1	0	-270	-270	2147494656	正常
20100712	7176	空头	20100713	7096	1	0	400	400	2147495168	正常
20100713	7096	多头	20100714	7126	1	0	150	150	2147495424	正常
20100714	7126	空头	20100715	6956	1	0	850	850	2147496192	正常
20100715	6956	多头	20100716	6938	1	0	-90	-90	2147496192	正常
20100716	6938	空头	20100719	6920	1	0	90	90	2147496192	正常
20100719	6920	多头	20100720	7034	1	0	570	570	2147496704	正常
20100720	7034	空头	20100721	7050	1	0	-80	-80	2147496704	正常
20100721	7050	多头	20100722	7046	1	0	-20	-20	2147496704	正常
20100722	7046	空头	20100723	7162	1	0	-580	-580	2147496192	正常
20100723	7162	多头	20100726	7194	1	0	160	160	2147496448	正常
20100726	7194	空头	20100727	7182	1	0	60	60	2147496448	正常
20100727	7182	多头	20100728	7160	1	0	-110	-110	2147496448	正常
20100728	7160	空头	20100729	7156	1	0	20	20	2147496448	正常
20100729	7156	多头	20100730	7172	1	0	80	80	2147496448	正常
20100730	7172	空头	20100802	7252	1	0	-400	-400	2147495936	正常
20100802	7252	多头	20100803	7320	1	0	340	340	2147496192	正常
20100803	7320	空头	20100804	7312	1	0	40	40	2147496192	正常
20100804	7312	多头	20100805	7236	1	0	-380	-380	2147495936	正常
20100805	7236	空头	20100806	7208	1	0	140	140	2147496192	正常
20100806	7208	多头	20100809	7240	1	0	160	160	2147496448	正常
20100809	7240	空头	20100810	7270	1	0	-150	-150	2147496192	正常
20100810	7270	多头	20100811	7252	1	0	-90	-90	2147496192	正常
20100811	7252	空头	20100812	7204	1	0	240	240	2147496448	正常
20100812	7204	多头	20100813	7212	1	0	40	40	2147496448	正常
20100813	7212	空头	20100816	7232	1	0	-100	-100	2147496448	正常
20100816	7232	多头	20100817	7390	1	0	790	790	2147497216	正常
20100817	7390	空头	20100818	7402	1	0	-60	-60	2147497216	正常
20100818	7402	多头	20100819	7418	1	0	80	80	2147497216	正常
20100819	7418	空头	20100820	7330	1	0	440	440	2147497728	正常
20100820	7330	多头	20100823	7250	1	0	-400	-400	2147497216	正常
20100823	7250	空头	20100824	7162	1	0	440	440	2147497728	正常
20100824	7162	多头	20100825	7172	1	0	50	50	2147497728	正常
20100825	7172	空头	20100826	7322	1	0	-750	-750	2147496960	正常
20100826	7322	多头	20100827	7228	1	0	-470	-470	2147496448	正常
20100827	7228	空头	20100830	7344	1	0	-580	-580	2147495936	正常
20100830	7344	多头	20100831	7268	1	0	-380	-380	2147495680	正常
20100831	7268	空头	20100901	7270	1	0	-10	-10	2147495680	正常
20100901	7270	多头	20100902	7318	1	0	240	240	2147495936	正常
20100902	7318	空头	20100903	7338	1	0	-100	-100	2147495936	正常
20100903	7338	多头	20100906	7342	1	0	20	20	2147495936	正常
20100906	7342	空头	20100907	7352	1	0	-50	-50	2147495936	正常
20100907	7352	多头	20100908	7394	1	0	210	210	2147496192	正常
20100908	7394	空头	20100909	7356	1	0	190	190	2147496448	正常
20100909	7356	多头	20100910	7392	1	0	180	180	2147496704	正常
20100910	7392	空头	20100913	7396	1	0	-20	-20	2147496704	正常
20100913	7396	多头	20100914	7414	1	0	90	90	2147496704	正常
20100914	7414	空头	20100915	8414	1	0	-5000	-5000	2147491584	正常
20100915	8414	多头	20100916	8366	1	0	-240	-240	2147491328	正常
20100916	8366	空头	20100917	8330	1	0	180	180	2147491584	正常
20100917	8330	多头	20100920	8412	1	0	410	410	2147492096	正常
20100920	8412	空头	20100921	8392	1	0	100	100	2147492096	正常
20100921	8392	多头	20100927	8576	1	0	920	920	2147493120	正常
20100927	8576	空头	20100928	8612	1	0	-180	-180	2147492864	正常
20100928	8612	多头	20100929	8554	1	0	-290	-290	2147492608	正常
20100929	8554	空头	20100930	8556	1	0	-10	-10	2147492608	正常
20100930	8556	多头	20101008	8676	1	0	600	600	2147493120	正常
20101008	8676	空头	20101011	8814	1	0	-690	-690	2147492352	正常
20101011	8814	多头	20101012	8704	1	0	-550	-550	2147491840	正常
20101012	8704	空头	20101013	8950	1	0	-1230	-1230	2147490560	正常
20101013	8950	多头	20101014	9000	1	0	250	250	2147490816	正常
20101014	9000	空头	20101015	9018	1	0	-90	-90	2147490816	正常
20101015	9018	多头	20101018	8944	1	0	-370	-370	2147490560	正常
20101018	8944	空头	20101019	8948	1	0	-20	-20	2147490560	正常
20101019	8948	多头	20101020	8860	1	0	-440	-440	2147490048	正常
20101020	8860	空头	20101021	8910	1	0	-250	-250	2147489792	正常
20101021	8910	多头	20101022	8920	1	0	50	50	2147489792	正常
20101022	8920	空头	20101025	9022	1	0	-510	-510	2147489280	正常
20101025	9022	多头	20101026	9120	1	0	490	490	2147489792	正常
20101026	9120	空头	20101027	9114	1	0	30	30	2147489792	正常
20101027	9114	多头	20101028	9216	1	0	510	510	2147490304	正常
20101028	9216	空头	20101029	9170	1	0	230	230	2147490560	正常
20101029	9170	多头	20101101	9224	1	0	270	270	2147490816	正常
20101101	9224	空头	20101102	9306	1	0	-410	-410	2147490304	正常
20101102	9306	多头	20101103	9348	1	0	210	210	2147490560	正常
20101103	9348	空头	20101104	9394	1	0	-230	-230	2147490304	正常
20101104	9394	多头	20101105	9982	1	0	2940	2940	2147493120	正常
20101105	9982	空头	20101108	10730	1	0	-3740	-3740	2147489280	正常
20101108	10730	多头	20101110	11268	1	0	2690	2690	2147492096	正常
20101110	11268	空头	20101111	10898	1	0	1850	1850	2147493888	正常
20101111	10898	多头	20101112	10786	1	0	-560	-560	2147493376	正常
20101112	10786	空头	20101115	9986	1	0	4000	4000	2147497472	正常
20101115	9986	多头	20101116	10162	1	0	880	880	2147498240	正常
20101116	10162	空头	20101117	9898	1	0	1320	1320	2147499520	正常
20101117	9898	多头	20101118	9836	1	0	-310	-310	2147499264	正常
20101118	9836	空头	20101119	9946	1	0	-550	-550	2147498752	正常
20101119	9946	多头	20101122	9904	1	0	-210	-210	2147498496	正常
20101122	9904	空头	20101123	9756	1	0	740	740	2147499264	正常
20101123	9756	多头	20101124	9800	1	0	220	220	2147499520	正常
20101124	9800	空头	20101125	9816	1	0	-80	-80	2147499520	正常
20101125	9816	多头	20101126	9484	1	0	-1660	-1660	2147497984	正常
20101126	9484	空头	20101129	9466	1	0	90	90	2147497984	正常
20101129	9466	多头	20101130	9332	1	0	-670	-670	2147497216	正常
20101130	9332	空头	20101201	9400	1	0	-340	-340	2147496960	正常
20101201	9400	多头	20101202	9610	1	0	1050	1050	2147497984	正常
20101202	9610	空头	20101203	9652	1	0	-210	-210	2147497728	正常
20101203	9652	多头	20101206	9758	1	0	530	530	2147498240	正常
20101206	9758	空头	20101207	9644	1	0	570	570	2147498752	正常
20101207	9644	多头	20101208	9650	1	0	30	30	2147498752	正常
20101208	9650	空头	20101209	9716	1	0	-330	-330	2147498496	正常
20101209	9716	多头	20101210	9670	1	0	-230	-230	2147498240	正常
20101210	9670	空头	20101213	9728	1	0	-290	-290	2147497984	正常
20101213	9728	多头	20101214	10004	1	0	1380	1380	2147499264	正常
20101214	10004	空头	20101215	9918	1	0	430	430	2147499776	正常
20101215	9918	多头	20101216	9898	1	0	-100	-100	2147499776	正常
20101216	9898	空头	20101217	9948	1	0	-250	-250	2147499520	正常
20101217	9948	多头	20101220	9954	1	0	30	30	2147499520	正常
20101220	9954	空头	20101221	10102	1	0	-740	-740	2147498752	正常
20101221	10102	多头	20101222	10100	1	0	-10	-10	2147498752	正常
20101222	10100	空头	20101223	10130	1	0	-150	-150	2147498496	正常
20101223	10130	多头	20101224	10224	1	0	470	470	2147499008	正常
20101224	10224	空头	20101227	10382	1	0	-790	-790	2147498240	正常
20101227	10382	多头	20101228	10456	1	0	370	370	2147498496	正常
20101228	10456	空头	20101229	10328	1	0	640	640	2147499008	正常
20101229	10328	多头	20101230	10388	1	0	300	300	2147499264	正常
20101230	10388	空头	20101231	10486	1	0	-490	-490	2147498752	正常
20101231	10486	多头	20110104	10598	1	0	560	560	2147499264	正常
20110104	10598	空头	20110105	10744	1	0	-730	-730	2147498496	正常
20110105	10744	多头	20110106	10900	1	0	780	780	2147499264	正常
20110106	10900	空头	20110107	10632	1	0	1340	1340	2147500544	正常
20110107	10632	多头	20110110	10626	1	0	-30	-30	2147500544	正常
20110110	10626	空头	20110111	10604	1	0	110	110	2147500544	正常
20110111	10604	多头	20110112	10748	1	0	720	720	2147501312	正常
20110112	10748	空头	20110113	10920	1	0	-860	-860	2147500544	正常
20110113	10920	多头	20110114	10950	1	0	150	150	2147500800	正常
20110114	10950	空头	20110117	10970	1	0	-100	-100	2147500800	正常
20110117	10970	多头	20110118	10990	1	0	100	100	2147500800	正常
20110118	10990	空头	20110119	11126	1	0	-680	-680	2147500032	正常
20110119	11126	多头	20110120	11012	1	0	-570	-570	2147499520	正常
20110120	11012	空头	20110121	10928	1	0	420	420	2147500032	正常
20110121	10928	多头	20110124	11210	1	0	1410	1410	2147501568	正常
20110124	11210	空头	20110125	11370	1	0	-800	-800	2147500800	正常
20110125	11370	多头	20110126	11380	1	0	50	50	2147500800	正常
20110126	11380	空头	20110127	11600	1	0	-1100	-1100	2147499776	正常
20110127	11600	多头	20110128	11538	1	0	-310	-310	2147499520	正常
20110128	11538	空头	20110131	11700	1	0	-810	-810	2147498752	正常
20110131	11700	多头	20110201	12010	1	0	1550	1550	2147500288	正常
20110201	12010	空头	20110209	12068	1	0	-290	-290	2147500032	正常
20110209	12068	多头	20110210	12124	1	0	280	280	2147500288	正常
20110210	12124	空头	20110211	12190	1	0	-330	-330	2147500032	正常
20110211	12190	多头	20110214	12000	1	0	-950	-950	2147499008	正常
20110214	12000	空头	20110215	11984	1	0	80	80	2147499008	正常
20110215	11984	多头	20110216	12180	1	0	980	980	2147500032	正常
20110216	12180	空头	20110217	12210	1	0	-150	-150	2147499776	正常
20110217	12210	多头	20110218	12000	1	0	-1050	-1050	2147498752	正常
20110218	12000	空头	20110221	11920	1	0	400	400	2147499264	正常
20110221	11920	多头	20110222	11758	1	0	-810	-810	2147498496	正常
20110222	11758	空头	20110223	11692	1	0	330	330	2147498752	正常
20110223	11692	多头	20110224	11490	1	0	-1010	-1010	2147497728	正常
20110224	11490	空头	20110225	11400	1	0	450	450	2147498240	正常
20110225	11400	多头	20110228	11640	1	0	1200	1200	2147499520	正常
20110228	11640	空头	20110301	11932	1	0	-1460	-1460	2147497984	正常
20110301	11932	多头	20110302	11912	1	0	-100	-100	2147497984	正常
20110302	11912	空头	20110303	11966	1	0	-270	-270	2147497728	正常
20110303	11966	多头	20110304	11802	1	0	-820	-820	2147496960	正常
20110304	11802	空头	20110307	11850	1	0	-240	-240	2147496704	正常
20110307	11850	多头	20110308	11418	1	0	-2160	-2160	2147494656	正常
20110308	11418	空头	20110309	11584	1	0	-830	-830	2147493888	正常
20110309	11584	多头	20110310	11208	1	0	-1880	-1880	2147492096	正常
20110310	11208	空头	20110311	10992	1	0	1080	1080	2147493120	正常
20110311	10992	多头	20110314	10784	1	0	-1040	-1040	2147492096	正常
20110314	10784	空头	20110315	10814	1	0	-150	-150	2147491840	正常
20110315	10814	多头	20110316	10750	1	0	-320	-320	2147491584	正常
20110316	10750	空头	20110317	10920	1	0	-850	-850	2147490816	正常
20110317	10920	多头	20110318	11406	1	0	2430	2430	2147493120	正常
20110318	11406	空头	20110321	11394	1	0	60	60	2147493120	正常
20110321	11394	多头	20110322	11400	1	0	30	30	2147493120	正常
20110322	11400	空头	20110323	11440	1	0	-200	-200	2147492864	正常
20110323	11440	多头	20110324	11510	1	0	350	350	2147493120	正常
20110324	11510	空头	20110325	11476	1	0	170	170	2147493376	正常
20110325	11476	多头	20110328	11060	1	0	-2080	-2080	2147491328	正常
20110328	11060	空头	20110329	10992	1	0	340	340	2147491584	正常
20110329	10992	多头	20110330	11062	1	0	350	350	2147491840	正常
20110330	11062	空头	20110331	10842	1	0	1100	1100	2147492864	正常
20110331	10842	多头	20110401	10560	1	0	-1410	-1410	2147491328	正常
20110401	10560	空头	20110406	10488	1	0	360	360	2147491584	正常
20110406	10488	多头	20110407	10496	1	0	40	40	2147491584	正常
20110407	10496	空头	20110408	10586	1	0	-450	-450	2147491072	正常
20110408	10586	多头	20110411	10886	1	0	1500	1500	2147492608	正常
20110411	10886	空头	20110412	10754	1	0	660	660	2147493376	正常
20110412	10754	多头	20110413	10580	1	0	-870	-870	2147492608	正常
20110413	10580	空头	20110414	10560	1	0	100	100	2147492608	正常
20110414	10560	多头	20110415	10584	1	0	120	120	2147492608	正常
20110415	10584	空头	20110418	10400	1	0	920	920	2147493632	正常
20110418	10400	多头	20110419	10250	1	0	-750	-750	2147492864	正常
20110419	10250	空头	20110420	10280	1	0	-150	-150	2147492608	正常
20110420	10280	多头	20110421	10366	1	0	430	430	2147493120	正常
20110421	10366	空头	20110422	10404	1	0	-190	-190	2147492864	正常
20110422	10404	多头	20110425	10280	1	0	-620	-620	2147492352	正常
20110425	10280	空头	20110426	10076	1	0	1020	1020	2147493376	正常
20110426	10076	多头	20110427	10070	1	0	-30	-30	2147493376	正常
20110427	10070	空头	20110428	10092	1	0	-110	-110	2147493376	正常
20110428	10092	多头	20110429	10078	1	0	-70	-70	2147493376	正常
20110429	10078	空头	20110503	10158	1	0	-400	-400	2147492864	正常
20110503	10158	多头	20110504	10120	1	0	-190	-190	2147492608	正常
20110504	10120	空头	20110505	9860	1	0	1300	1300	2147493888	正常
20110505	9860	多头	20110506	9420	1	0	-2200	-2200	2147491584	正常
20110506	9420	空头	20110509	9566	1	0	-730	-730	2147490816	正常
20110509	9566	多头	20110510	9476	1	0	-450	-450	2147490304	正常
20110510	9476	空头	20110511	9578	1	0	-510	-510	2147489792	正常
20110511	9578	多头	20110512	9258	1	0	-1600	-1600	2147488256	正常
20110512	9258	空头	20110513	9332	1	0	-370	-370	2147488000	正常
20110513	9332	多头	20110516	9342	1	0	50	50	2147488000	正常
20110516	9342	空头	20110517	9368	1	0	-130	-130	2147487744	正常
20110517	9368	多头	20110518	9534	1	0	830	830	2147488512	正常
20110518	9534	空头	20110519	9580	1	0	-230	-230	2147488256	正常
20110519	9580	多头	20110520	9506	1	0	-370	-370	2147488000	正常
20110520	9506	空头	20110523	9532	1	0	-130	-130	2147487744	正常
20110523	9532	多头	20110524	9420	1	0	-560	-560	2147487232	正常
20110524	9420	空头	20110525	9470	1	0	-250	-250	2147486976	正常
20110525	9470	多头	20110526	9566	1	0	480	480	2147487488	正常
20110526	9566	空头	20110527	9618	1	0	-260	-260	2147487232	正常
20110527	9618	多头	20110530	9668	1	0	250	250	2147487488	正常
20110530	9668	空头	20110531	9652	1	0	80	80	2147487488	正常
20110531	9652	多头	20110601	9726	1	0	370	370	2147487744	正常
20110601	9726	空头	20110602	9542	1	0	920	920	2147488768	正常
20110602	9542	多头	20110603	9610	1	0	340	340	2147489024	正常
20110603	9610	空头	20110607	9592	1	0	90	90	2147489024	正常
20110607	9592	多头	20110608	9464	1	0	-640	-640	2147488256	正常
20110608	9464	空头	20110609	9476	1	0	-60	-60	2147488256	正常
20110609	9476	多头	20110610	9430	1	0	-230	-230	2147488000	正常
20110610	9430	空头	20110613	9376	1	0	270	270	2147488256	正常
20110613	9376	多头	20110614	9322	1	0	-270	-270	2147488000	正常
20110614	9322	空头	20110615	9402	1	0	-400	-400	2147487488	正常
20110615	9402	多头	20110616	9340	1	0	-310	-310	2147487232	正常
20110616	9340	空头	20110617	9306	1	0	170	170	2147487488	正常
20110617	9306	多头	20110620	9252	1	0	-270	-270	2147487232	正常
20110620	9252	空头	20110621	9206	1	0	230	230	2147487488	正常
20110621	9206	多头	20110622	9176	1	0	-150	-150	2147487232	正常
20110622	9176	空头	20110623	9010	1	0	830	830	2147488000	正常
20110623	9010	多头	20110624	8966	1	0	-220	-220	2147487744	正常
20110624	8966	空头	20110627	8736	1	0	1150	1150	2147488768	正常
20110627	8736	多头	20110628	8774	1	0	190	190	2147489024	正常
20110628	8774	空头	20110629	8688	1	0	430	430	2147489536	正常
20110629	8688	多头	20110630	8834	1	0	730	730	2147490304	正常
20110630	8834	空头	20110701	8718	1	0	580	580	2147490816	正常
20110701	8718	多头	20110704	8812	1	0	470	470	2147491328	正常
20110704	8812	空头	20110705	8866	1	0	-270	-270	2147491072	正常
20110705	8866	多头	20110706	8906	1	0	200	200	2147491328	正常
20110706	8906	空头	20110707	8952	1	0	-230	-230	2147491072	正常
20110707	8952	多头	20110708	9006	1	0	270	270	2147491328	正常
20110708	9006	空头	20110711	8894	1	0	560	560	2147491840	正常
20110711	8894	多头	20110712	8722	1	0	-860	-860	2147491072	正常
20110712	8722	空头	20110713	8840	1	0	-590	-590	2147490560	正常
20110713	8840	多头	20110714	9130	1	0	1450	1450	2147492096	正常
20110714	9130	空头	20110715	9114	1	0	80	80	2147492096	正常
20110715	9114	多头	20110718	9146	1	0	160	160	2147492352	正常
20110718	9146	空头	20110719	9150	1	0	-20	-20	2147492352	正常
20110719	9150	多头	20110720	9222	1	0	360	360	2147492608	正常
20110720	9222	空头	20110721	9302	1	0	-400	-400	2147492096	正常
20110721	9302	多头	20110722	9316	1	0	70	70	2147492096	正常
20110722	9316	空头	20110725	9340	1	0	-120	-120	2147492096	正常
20110725	9340	多头	20110726	9346	1	0	30	30	2147492096	正常
20110726	9346	空头	20110727	9384	1	0	-190	-190	2147491840	正常
20110727	9384	多头	20110728	9286	1	0	-490	-490	2147491328	正常
20110728	9286	空头	20110729	9264	1	0	110	110	2147491328	正常
20110729	9264	多头	20110801	9324	1	0	300	300	2147491584	正常
20110801	9324	空头	20110802	9500	1	0	-880	-880	2147490816	正常
20110802	9500	多头	20110803	9564	1	0	320	320	2147491072	正常
20110803	9564	空头	20110804	9554	1	0	50	50	2147491072	正常
20110804	9554	多头	20110805	9376	1	0	-890	-890	2147490304	正常
20110805	9376	空头	20110808	9328	1	0	240	240	2147490560	正常
20110808	9328	多头	20110809	9150	1	0	-890	-890	2147489792	正常
20110809	9150	空头	20110810	9324	1	0	-870	-870	2147489024	正常
20110810	9324	多头	20110811	9476	1	0	760	760	2147489792	正常
20110811	9476	空头	20110812	9650	1	0	-870	-870	2147489024	正常
20110812	9650	多头	20110815	9802	1	0	760	760	2147489792	正常
20110815	9802	空头	20110816	9704	1	0	490	490	2147490304	正常
20110816	9704	多头	20110817	9756	1	0	260	260	2147490560	正常
20110817	9756	空头	20110818	9952	1	0	-980	-980	2147489536	正常
20110818	9952	多头	20110819	9774	1	0	-890	-890	2147488768	正常
20110819	9774	空头	20110822	9946	1	0	-860	-860	2147488000	正常
20110822	9946	多头	20110823	10050	1	0	520	520	2147488512	正常
20110823	10050	空头	20110824	10072	1	0	-110	-110	2147488512	正常
20110824	10072	多头	20110825	10050	1	0	-110	-110	2147488512	正常
20110825	10050	空头	20110826	10032	1	0	90	90	2147488512	正常
20110826	10032	多头	20110829	10050	1	0	90	90	2147488512	正常
20110829	10050	空头	20110830	10162	1	0	-560	-560	2147488000	正常
20110830	10162	多头	20110831	10212	1	0	250	250	2147488256	正常
20110831	10212	空头	20110901	10216	1	0	-20	-20	2147488256	正常
20110901	10216	多头	20110902	10152	1	0	-320	-320	2147488000	正常
20110902	10152	空头	20110905	10352	1	0	-1000	-1000	2147486976	正常
20110905	10352	多头	20110906	10432	1	0	400	400	2147487488	正常
20110906	10432	空头	20110907	10430	1	0	10	10	2147487488	正常
20110907	10430	多头	20110908	10580	1	0	750	750	2147488256	正常
20110908	10580	空头	20110909	10520	1	0	300	300	2147488512	正常
20110909	10520	多头	20110913	10510	1	0	-50	-50	2147488512	正常
20110913	10510	空头	20110914	10650	1	0	-700	-700	2147487744	正常
20110914	10650	多头	20110915	10650	1	0	0	0	2147487744	正常
20110915	10650	空头	20110916	9802	1	0	4240	4240	2147492096	正常
20110916	9802	多头	20110919	9658	1	0	-720	-720	2147491328	正常
20110919	9658	空头	20110920	9602	1	0	280	280	2147491584	正常
20110920	9602	多头	20110921	9492	1	0	-550	-550	2147491072	正常
20110921	9492	空头	20110922	9088	1	0	2020	2020	2147493120	正常
20110922	9088	多头	20110923	9016	1	0	-360	-360	2147492864	正常
20110923	9016	空头	20110926	8644	1	0	1860	1860	2147494656	正常
20110926	8644	多头	20110927	8756	1	0	560	560	2147495168	正常
20110927	8756	空头	20110928	8618	1	0	690	690	2147495936	正常
20110928	8618	多头	20110929	8320	1	0	-1490	-1490	2147494400	正常
20110929	8320	空头	20110930	8404	1	0	-420	-420	2147493888	正常
20110930	8404	多头	20111010	8662	1	0	1290	1290	2147495168	正常
20111010	8662	空头	20111011	8690	1	0	-140	-140	2147494912	正常
20111011	8690	多头	20111012	8546	1	0	-720	-720	2147494144	正常
20111012	8546	空头	20111013	8640	1	0	-470	-470	2147493632	正常
20111013	8640	多头	20111014	8612	1	0	-140	-140	2147493376	正常
20111014	8612	空头	20111017	8674	1	0	-310	-310	2147493120	正常
20111017	8674	多头	20111018	8310	1	0	-1820	-1820	2147491328	正常
20111018	8310	空头	20111019	8300	1	0	50	50	2147491328	正常
20111019	8300	多头	20111020	7862	1	0	-2190	-2190	2147489024	正常
20111020	7862	空头	20111021	7944	1	0	-410	-410	2147488512	正常
20111021	7944	多头	20111024	8062	1	0	590	590	2147489024	正常
20111024	8062	空头	20111025	8420	1	0	-1790	-1790	2147487232	正常
20111025	8420	多头	20111026	8410	1	0	-50	-50	2147487232	正常
20111026	8410	空头	20111027	8652	1	0	-1210	-1210	2147485952	正常
20111027	8652	多头	20111028	8820	1	0	840	840	2147486720	正常
20111028	8820	空头	20111031	8454	1	0	1830	1830	2147488512	正常
20111031	8454	多头	20111101	8352	1	0	-510	-510	2147488000	正常
20111101	8352	空头	20111102	8234	1	0	590	590	2147488512	正常
20111102	8234	多头	20111103	8290	1	0	280	280	2147488768	正常
20111103	8290	空头	20111104	8398	1	0	-540	-540	2147488256	正常
20111104	8398	多头	20111107	8174	1	0	-1120	-1120	2147487232	正常
20111107	8174	空头	20111108	8210	1	0	-180	-180	2147486976	正常
20111108	8210	多头	20111109	8220	1	0	50	50	2147486976	正常
20111109	8220	空头	20111110	7960	1	0	1300	1300	2147488256	正常
20111110	7960	多头	20111111	8010	1	0	250	250	2147488512	正常
20111111	8010	空头	20111114	8142	1	0	-660	-660	2147487744	正常
20111114	8142	多头	20111115	8104	1	0	-190	-190	2147487488	正常
20111115	8104	空头	20111116	8050	1	0	270	270	2147487744	正常
20111116	8050	多头	20111117	7980	1	0	-350	-350	2147487488	正常
20111117	7980	空头	20111118	7876	1	0	520	520	2147488000	正常
20111118	7876	多头	20111121	7998	1	0	610	610	2147488512	正常
20111121	7998	空头	20111122	7960	1	0	190	190	2147488768	正常
20111122	7960	多头	20111123	8054	1	0	470	470	2147489280	正常
20111123	8054	空头	20111124	7844	1	0	1050	1050	2147490304	正常
20111124	7844	多头	20111125	7858	1	0	70	70	2147490304	正常
20111125	7858	空头	20111128	7920	1	0	-310	-310	2147490048	正常
20111128	7920	多头	20111129	7924	1	0	20	20	2147490048	正常
20111129	7924	空头	20111130	7980	1	0	-280	-280	2147489792	正常
20111130	7980	多头	20111201	8208	1	0	1140	1140	2147490816	正常
20111201	8208	空头	20111202	8226	1	0	-90	-90	2147490816	正常
20111202	8226	多头	20111205	8296	1	0	350	350	2147491072	正常
20111205	8296	空头	20111206	8330	1	0	-170	-170	2147490816	正常
20111206	8330	多头	20111207	8394	1	0	320	320	2147491072	正常
20111207	8394	空头	20111208	8328	1	0	330	330	2147491328	正常
20111208	8328	多头	20111209	8300	1	0	-140	-140	2147491072	正常
20111209	8300	空头	20111212	8274	1	0	130	130	2147491328	正常
20111212	8274	多头	20111213	8178	1	0	-480	-480	2147490816	正常
20111213	8178	空头	20111214	8200	1	0	-110	-110	2147490816	正常
20111214	8200	多头	20111215	8000	1	0	-1000	-1000	2147489792	正常
20111215	8000	空头	20111216	8098	1	0	-490	-490	2147489280	正常
20111216	8098	多头	20111219	8098	1	0	0	0	2147489280	正常
20111219	8098	空头	20111220	8104	1	0	-30	-30	2147489280	正常
20111220	8104	多头	20111221	8202	1	0	490	490	2147489792	正常
20111221	8202	空头	20111222	8210	1	0	-40	-40	2147489792	正常
20111222	8210	多头	20111223	8220	1	0	50	50	2147489792	正常
20111223	8220	空头	20111226	8172	1	0	240	240	2147490048	正常
20111226	8172	多头	20111227	8148	1	0	-120	-120	2147490048	正常
20111227	8148	空头	20111228	8212	1	0	-320	-320	2147489792	正常
20111228	8212	多头	20111229	8166	1	0	-230	-230	2147489536	正常
20111229	8166	空头	20111230	8256	1	0	-450	-450	2147489024	正常
20111230	8256	多头	20120104	8400	1	0	720	720	2147489792	正常
20120104	8400	空头	20120105	8392	1	0	40	40	2147489792	正常
20120105	8392	多头	20120106	8456	1	0	320	320	2147490048	正常
20120106	8456	空头	20120109	8526	1	0	-350	-350	2147489792	正常
20120109	8526	多头	20120110	8516	1	0	-50	-50	2147489792	正常
20120110	8516	空头	20120111	8526	1	0	-50	-50	2147489792	正常
20120111	8526	多头	20120112	8480	1	0	-230	-230	2147489536	正常
20120112	8480	空头	20120113	8454	1	0	130	130	2147489792	正常
20120113	8454	多头	20120116	8476	1	0	110	110	2147489792	正常
20120116	8476	空头	20120117	8596	1	0	-600	-600	2147489280	正常
20120117	8596	多头	20120118	8692	1	0	480	480	2147489792	正常
20120118	8692	空头	20120119	8694	1	0	-10	-10	2147489792	正常
20120119	8694	多头	20120120	8750	1	0	280	280	2147490048	正常
20120120	8750	空头	20120130	8888	1	0	-690	-690	2147489280	正常
20120130	8888	多头	20120131	8980	1	0	460	460	2147489792	正常
20120131	8980	空头	20120201	8970	1	0	50	50	2147489792	正常
20120201	8970	多头	20120202	8880	1	0	-450	-450	2147489280	正常
20120202	8880	空头	20120203	8844	1	0	180	180	2147489536	正常
20120203	8844	多头	20120206	8988	1	0	720	720	2147490304	正常
20120206	8988	空头	20120207	8966	1	0	110	110	2147490304	正常
20120207	8966	多头	20120208	9010	1	0	220	220	2147490560	正常
20120208	9010	空头	20120209	9006	1	0	20	20	2147490560	正常
20120209	9006	多头	20120210	9012	1	0	30	30	2147490560	正常
20120210	9012	空头	20120213	8962	1	0	250	250	2147490816	正常
20120213	8962	多头	20120214	8990	1	0	140	140	2147491072	正常
20120214	8990	空头	20120215	8900	1	0	450	450	2147491584	正常
20120215	8900	多头	20120216	8730	1	0	-850	-850	2147490816	正常
20120216	8730	空头	20120217	8764	1	0	-170	-170	2147490560	正常
20120217	8764	多头	20120220	8800	1	0	180	180	2147490816	正常
20120220	8800	空头	20120221	8802	1	0	-10	-10	2147490816	正常
20120221	8802	多头	20120222	8868	1	0	330	330	2147491072	正常
20120222	8868	空头	20120223	8804	1	0	320	320	2147491328	正常
20120223	8804	多头	20120224	8860	1	0	280	280	2147491584	正常
20120224	8860	空头	20120227	8898	1	0	-190	-190	2147491328	正常
20120227	8898	多头	20120228	8958	1	0	300	300	2147491584	正常
20120228	8958	空头	20120229	9026	1	0	-340	-340	2147491328	正常
20120229	9026	多头	20120301	8992	1	0	-170	-170	2147491072	正常
20120301	8992	空头	20120302	9076	1	0	-420	-420	2147490560	正常
20120302	9076	多头	20120305	9130	1	0	270	270	2147490816	正常
20120305	9130	空头	20120306	9050	1	0	400	400	2147491328	正常
20120306	9050	多头	20120307	8906	1	0	-720	-720	2147490560	正常
20120307	8906	空头	20120308	8964	1	0	-290	-290	2147490304	正常
20120308	8964	多头	20120309	8968	1	0	20	20	2147490304	正常
20120309	8968	空头	20120312	8838	1	0	650	650	2147491072	正常
20120312	8838	多头	20120313	8872	1	0	170	170	2147491328	正常
20120313	8872	空头	20120314	8866	1	0	30	30	2147491328	正常
20120314	8866	多头	20120315	8808	1	0	-290	-290	2147491072	正常
20120315	8808	空头	20120316	8734	1	0	370	370	2147491328	正常
20120316	8734	多头	20120319	8636	1	0	-490	-490	2147490816	正常
20120319	8636	空头	20120320	8624	1	0	60	60	2147490816	正常
20120320	8624	多头	20120321	8614	1	0	-50	-50	2147490816	正常
20120321	8614	空头	20120322	8618	1	0	-20	-20	2147490816	正常
20120322	8618	多头	20120323	8666	1	0	240	240	2147491072	正常
20120323	8666	空头	20120326	8700	1	0	-170	-170	2147490816	正常
20120326	8700	多头	20120327	8736	1	0	180	180	2147491072	正常
20120327	8736	空头	20120328	8738	1	0	-10	-10	2147491072	正常
20120328	8738	多头	20120329	8672	1	0	-330	-330	2147490816	正常
20120329	8672	空头	20120330	8636	1	0	180	180	2147491072	正常
20120330	8636	多头	20120405	8534	1	0	-510	-510	2147490560	正常
20120405	8534	空头	20120406	8608	1	0	-370	-370	2147490304	正常
20120406	8608	多头	20120409	8540	1	0	-340	-340	2147490048	正常
20120409	8540	空头	20120410	8558	1	0	-90	-90	2147490048	正常
20120410	8558	多头	20120411	8520	1	0	-190	-190	2147489792	正常
20120411	8520	空头	20120412	8552	1	0	-160	-160	2147489536	正常
20120412	8552	多头	20120413	8582	1	0	150	150	2147489792	正常
20120413	8582	空头	20120416	8540	1	0	210	210	2147490048	正常
20120416	8540	多头	20120417	8654	1	0	570	570	2147490560	正常
20120417	8654	空头	20120418	8682	1	0	-140	-140	2147490304	正常
20120418	8682	多头	20120419	8672	1	0	-50	-50	2147490304	正常
20120419	8672	空头	20120420	8670	1	0	10	10	2147490304	正常
20120420	8670	多头	20120423	8554	1	0	-580	-580	2147489792	正常
20120423	8554	空头	20120424	8526	1	0	140	140	2147490048	正常
20120424	8526	多头	20120425	8526	1	0	0	0	2147490048	正常
20120425	8526	空头	20120426	8528	1	0	-10	-10	2147490048	正常
20120426	8528	多头	20120427	8550	1	0	110	110	2147490048	正常
20120427	8550	空头	20120502	8576	1	0	-130	-130	2147489792	正常
20120502	8576	多头	20120503	8566	1	0	-50	-50	2147489792	正常
20120503	8566	空头	20120504	8530	1	0	180	180	2147490048	正常
20120504	8530	多头	20120507	8450	1	0	-400	-400	2147489536	正常
20120507	8450	空头	20120508	8460	1	0	-50	-50	2147489536	正常
20120508	8460	多头	20120509	8412	1	0	-240	-240	2147489280	正常
20120509	8412	空头	20120510	8424	1	0	-60	-60	2147489280	正常
20120510	8424	多头	20120511	8252	1	0	-860	-860	2147488512	正常
20120511	8252	空头	20120514	8212	1	0	200	200	2147488768	正常
20120514	8212	多头	20120515	8030	1	0	-910	-910	2147487744	正常
20120515	8030	空头	20120516	8080	1	0	-250	-250	2147487488	正常
20120516	8080	多头	20120517	8140	1	0	300	300	2147487744	正常
20120517	8140	空头	20120518	8158	1	0	-90	-90	2147487744	正常
20120518	8158	多头	20120521	8200	1	0	210	210	2147488000	正常
20120521	8200	空头	20120522	8126	1	0	370	370	2147488256	正常
20120522	8126	多头	20120523	7948	1	0	-890	-890	2147487488	正常
20120523	7948	空头	20120524	7922	1	0	130	130	2147487744	正常
20120524	7922	多头	20120525	7958	1	0	180	180	2147488000	正常
20120525	7958	空头	20120528	7908	1	0	250	250	2147488256	正常
20120528	7908	多头	20120529	7880	1	0	-140	-140	2147488000	正常
20120529	7880	空头	20120530	7930	1	0	-250	-250	2147487744	正常
20120530	7930	多头	20120531	7762	1	0	-840	-840	2147486976	正常
20120531	7762	空头	20120601	7624	1	0	690	690	2147487744	正常
20120601	7624	多头	20120604	7300	1	0	-1620	-1620	2147486208	正常
20120604	7300	空头	20120605	7186	1	0	570	570	2147486720	正常
20120605	7186	多头	20120606	7192	1	0	30	30	2147486720	正常
20120606	7192	空头	20120607	7236	1	0	-220	-220	2147486464	正常
20120607	7236	多头	20120608	7006	1	0	-1150	-1150	2147485440	正常
20120608	7006	空头	20120611	7134	1	0	-640	-640	2147484672	正常
20120611	7134	多头	20120612	6998	1	0	-680	-680	2147483904	正常
20120612	6998	空头	20120613	6964	1	0	170	170	2147484160	正常
20120613	6964	多头	20120614	6998	1	0	170	170	2147484416	正常
20120614	6998	空头	20120615	7100	1	0	-510	-510	2147483904	正常
20120615	7100	多头	20120618	7252	1	0	760	760	2147484672	正常
20120618	7252	空头	20120619	7252	1	0	0	0	2147484672	正常
20120619	7252	多头	20120620	7256	1	0	20	20	2147484672	正常
20120620	7256	空头	20120621	7088	1	0	840	840	2147485440	正常
20120621	7088	多头	20120625	7010	1	0	-390	-390	2147484928	正常
20120625	7010	空头	20120626	7056	1	0	-230	-230	2147484672	正常
20120626	7056	多头	20120627	7072	1	0	80	80	2147484672	正常
20120627	7072	空头	20120628	7138	1	0	-330	-330	2147484416	正常
20120628	7138	多头	20120629	7158	1	0	100	100	2147484416	正常
20120629	7158	空头	20120702	7394	1	0	-1180	-1180	2147483264	正常
20120702	7394	多头	20120703	7410	1	0	80	80	2147483392	正常
20120703	7410	空头	20120704	7628	1	0	-1090	-1090	2147482240	正常
20120704	7628	多头	20120705	7608	1	0	-100	-100	2147482112	正常
20120705	7608	空头	20120706	7614	1	0	-30	-30	2147482112	正常
20120706	7614	多头	20120709	7528	1	0	-430	-430	2147481728	正常
20120709	7528	空头	20120710	7486	1	0	210	210	2147481984	正常
20120710	7486	多头	20120711	7438	1	0	-240	-240	2147481728	正常
20120711	7438	空头	20120712	7500	1	0	-310	-310	2147481472	正常
20120712	7500	多头	20120713	7510	1	0	50	50	2147481472	正常
20120713	7510	空头	20120716	7722	1	0	-1060	-1060	2147480448	正常
20120716	7722	多头	20120717	7736	1	0	70	70	2147480576	正常
20120717	7736	空头	20120718	7690	1	0	230	230	2147480832	正常
20120718	7690	多头	20120719	7722	1	0	160	160	2147480960	正常
20120719	7722	空头	20120720	7696	1	0	130	130	2147481088	正常
20120720	7696	多头	20120723	7468	1	0	-1140	-1140	2147479936	正常
20120723	7468	空头	20120724	7420	1	0	240	240	2147480192	正常
20120724	7420	多头	20120725	7550	1	0	650	650	2147480832	正常
20120725	7550	空头	20120726	7450	1	0	500	500	2147481344	正常
20120726	7450	多头	20120727	7242	1	0	-1040	-1040	2147480320	正常
20120727	7242	空头	20120730	7660	1	0	-2090	-2090	2147478272	正常
20120730	7660	多头	20120731	7716	1	0	280	280	2147478528	正常
20120731	7716	空头	20120801	7730	1	0	-70	-70	2147478400	正常
20120801	7730	多头	20120802	7756	1	0	130	130	2147478528	正常
20120802	7756	空头	20120803	7746	1	0	50	50	2147478528	正常
20120803	7746	多头	20120806	7852	1	0	530	530	2147479040	正常
20120806	7852	空头	20120807	7930	1	0	-390	-390	2147478656	正常
20120807	7930	多头	20120808	7902	1	0	-140	-140	2147478528	正常
20120808	7902	空头	20120809	7934	1	0	-160	-160	2147478400	正常
20120809	7934	多头	20120810	7886	1	0	-240	-240	2147478144	正常
20120810	7886	空头	20120813	7880	1	0	30	30	2147478144	正常
20120813	7880	多头	20120814	7848	1	0	-160	-160	2147478016	正常
20120814	7848	空头	20120815	7816	1	0	160	160	2147478144	正常
20120815	7816	多头	20120816	7872	1	0	280	280	2147478400	正常
20120816	7872	空头	20120817	7882	1	0	-50	-50	2147478400	正常
20120817	7882	多头	20120820	7650	1	0	-1160	-1160	2147477248	正常
20120820	7650	空头	20120821	7880	1	0	-1150	-1150	2147476096	正常
20120821	7880	多头	20120822	7886	1	0	30	30	2147476096	正常
20120822	7886	空头	20120823	7910	1	0	-120	-120	2147475968	正常
20120823	7910	多头	20120824	7934	1	0	120	120	2147476096	正常
20120824	7934	空头	20120827	8054	1	0	-600	-600	2147475456	正常
20120827	8054	多头	20120828	8046	1	0	-40	-40	2147475456	正常
20120828	8046	空头	20120829	8034	1	0	60	60	2147475456	正常
20120829	8034	多头	20120830	8052	1	0	90	90	2147475584	正常
20120830	8052	空头	20120831	8072	1	0	-100	-100	2147475456	正常
20120831	8072	多头	20120903	8180	1	0	540	540	2147475968	正常
20120903	8180	空头	20120904	8200	1	0	-100	-100	2147475840	正常
20120904	8200	多头	20120905	8110	1	0	-450	-450	2147475328	正常
20120905	8110	空头	20120906	8140	1	0	-150	-150	2147475200	正常
20120906	8140	多头	20120907	8090	1	0	-250	-250	2147474944	正常
20120907	8090	空头	20120910	8180	1	0	-450	-450	2147474432	正常
20120910	8180	多头	20120911	8180	1	0	0	0	2147474432	正常
20120911	8180	空头	20120912	8210	1	0	-150	-150	2147474304	正常
20120912	8210	多头	20120913	8350	1	0	700	700	2147474944	正常
20120913	8350	空头	20120914	8820	1	0	-2350	-2350	2147472640	正常
20120914	8820	多头	20120917	7776	1	0	-5220	-5220	2147467392	正常
20120917	7776	空头	20120918	7730	1	0	230	230	2147467648	正常
20120918	7730	多头	20120919	7718	1	0	-60	-60	2147467648	正常
20120919	7718	空头	20120920	7602	1	0	580	580	2147468288	正常
20120920	7602	多头	20120921	7580	1	0	-110	-110	2147468160	正常
20120921	7580	空头	20120924	7488	1	0	460	460	2147468672	正常
20120924	7488	多头	20120925	7558	1	0	350	350	2147469056	正常
20120925	7558	空头	20120926	7490	1	0	340	340	2147469440	正常
20120926	7490	多头	20120927	7440	1	0	-250	-250	2147469184	正常
20120927	7440	空头	20120928	7530	1	0	-450	-450	2147468672	正常
20120928	7530	多头	20121008	7450	1	0	-400	-400	2147468288	正常
20121008	7450	空头	20121009	7496	1	0	-230	-230	2147468032	正常
20121009	7496	多头	20121010	7550	1	0	270	270	2147468288	正常
20121010	7550	空头	20121011	7574	1	0	-120	-120	2147468160	正常
20121011	7574	多头	20121012	7580	1	0	30	30	2147468160	正常
20121012	7580	空头	20121015	7540	1	0	200	200	2147468416	正常
20121015	7540	多头	20121016	7608	1	0	340	340	2147468800	正常
20121016	7608	空头	20121017	7620	1	0	-60	-60	2147468800	正常
20121017	7620	多头	20121018	7608	1	0	-60	-60	2147468800	正常
20121018	7608	空头	20121019	7568	1	0	200	200	2147469056	正常
20121019	7568	多头	20121022	7514	1	0	-270	-270	2147468800	正常
20121022	7514	空头	20121023	7492	1	0	110	110	2147468928	正常
20121023	7492	多头	20121024	7436	1	0	-280	-280	2147468672	正常
20121024	7436	空头	20121025	7512	1	0	-380	-380	2147468288	正常
20121025	7512	多头	20121026	7482	1	0	-150	-150	2147468160	正常
20121026	7482	空头	20121029	7400	1	0	410	410	2147468544	正常
20121029	7400	多头	20121030	7338	1	0	-310	-310	2147468288	正常
20121030	7338	空头	20121031	7410	1	0	-360	-360	2147467904	正常
20121031	7410	多头	20121101	7398	1	0	-60	-60	2147467904	正常
20121101	7398	空头	20121102	7508	1	0	-550	-550	2147467392	正常
20121102	7508	多头	20121105	7408	1	0	-500	-500	2147466880	正常
20121105	7408	空头	20121106	7420	1	0	-60	-60	2147466880	正常
20121106	7420	多头	20121107	7480	1	0	300	300	2147467136	正常
20121107	7480	空头	20121108	7434	1	0	230	230	2147467392	正常
20121108	7434	多头	20121109	7460	1	0	130	130	2147467520	正常
20121109	7460	空头	20121112	7398	1	0	310	310	2147467776	正常
20121112	7398	多头	20121113	7412	1	0	70	70	2147467904	正常
20121113	7412	空头	20121114	7322	1	0	450	450	2147468416	正常
20121114	7322	多头	20121115	7432	1	0	550	550	2147468928	正常
20121115	7432	空头	20121116	7402	1	0	150	150	2147469056	正常
20121116	7402	多头	20121119	7426	1	0	120	120	2147469184	正常
20121119	7426	空头	20121120	7464	1	0	-190	-190	2147469056	正常
20121120	7464	多头	20121121	7458	1	0	-30	-30	2147469056	正常
20121121	7458	空头	20121122	7494	1	0	-180	-180	2147468928	正常
20121122	7494	多头	20121123	7466	1	0	-140	-140	2147468800	正常
20121123	7466	空头	20121126	7496	1	0	-150	-150	2147468672	正常
20121126	7496	多头	20121127	7570	1	0	370	370	2147469056	正常
20121127	7570	空头	20121128	7518	1	0	260	260	2147469312	正常
20121128	7518	多头	20121129	7518	1	0	0	0	2147469312	正常
20121129	7518	空头	20121130	7558	1	0	-200	-200	2147469056	正常
20121130	7558	多头	20121203	7590	1	0	160	160	2147469184	正常
20121203	7590	空头	20121204	7624	1	0	-170	-170	2147469056	正常
20121204	7624	多头	20121205	7652	1	0	140	140	2147469184	正常
20121205	7652	空头	20121206	7714	1	0	-310	-310	2147468928	正常
20121206	7714	多头	20121207	7818	1	0	520	520	2147469440	正常
20121207	7818	空头	20121210	7940	1	0	-610	-610	2147468800	正常
20121210	7940	多头	20121211	7926	1	0	-70	-70	2147468672	正常
20121211	7926	空头	20121212	7934	1	0	-40	-40	2147468672	正常
20121212	7934	多头	20121213	7866	1	0	-340	-340	2147468288	正常
20121213	7866	空头	20121214	7848	1	0	90	90	2147468416	正常
20121214	7848	多头	20121217	7910	1	0	310	310	2147468672	正常
20121217	7910	空头	20121218	8044	1	0	-670	-670	2147468032	正常
20121218	8044	多头	20121219	8038	1	0	-30	-30	2147468032	正常
20121219	8038	空头	20121220	8018	1	0	100	100	2147468160	正常
20121220	8018	多头	20121221	8036	1	0	90	90	2147468288	正常
20121221	8036	空头	20121224	8030	1	0	30	30	2147468288	正常
20121224	8030	多头	20121225	8062	1	0	160	160	2147468416	正常
20121225	8062	空头	20121226	8172	1	0	-550	-550	2147467904	正常
20121226	8172	多头	20121227	8272	1	0	500	500	2147468416	正常
20121227	8272	空头	20121228	8290	1	0	-90	-90	2147468288	正常
20121228	8290	多头	20121231	8330	1	0	200	200	2147468544	正常
20121231	8330	空头	20130104	8476	1	0	-730	-730	2147467776	正常
20130104	8476	多头	20130107	8538	1	0	310	310	2147468032	正常
20130107	8538	空头	20130108	8544	1	0	-30	-30	2147468032	正常
20130108	8544	多头	20130109	8420	1	0	-620	-620	2147467392	正常
20130109	8420	空头	20130110	8436	1	0	-80	-80	2147467264	正常
20130110	8436	多头	20130111	8316	1	0	-600	-600	2147466624	正常
20130111	8316	空头	20130114	8310	1	0	30	30	2147466624	正常
20130114	8310	多头	20130115	8230	1	0	-400	-400	2147466240	正常
20130115	8230	空头	20130116	8204	1	0	130	130	2147466368	正常
20130116	8204	多头	20130117	8250	1	0	230	230	2147466624	正常
20130117	8250	空头	20130118	8320	1	0	-350	-350	2147466240	正常
20130118	8320	多头	20130121	8364	1	0	220	220	2147466496	正常
20130121	8364	空头	20130122	8290	1	0	370	370	2147466880	正常
20130122	8290	多头	20130123	8304	1	0	70	70	2147467008	正常
20130123	8304	空头	20130124	8230	1	0	370	370	2147467392	正常
20130124	8230	多头	20130125	8366	1	0	680	680	2147468032	正常
20130125	8366	空头	20130128	8368	1	0	-10	-10	2147468032	正常
20130128	8368	多头	20130129	8466	1	0	490	490	2147468544	正常
20130129	8466	空头	20130130	8506	1	0	-200	-200	2147468288	正常
20130130	8506	多头	20130131	8536	1	0	150	150	2147468416	正常
20130131	8536	空头	20130201	8540	1	0	-20	-20	2147468416	正常
20130201	8540	多头	20130204	8628	1	0	440	440	2147468800	正常
20130204	8628	空头	20130205	8730	1	0	-510	-510	2147468288	正常
20130205	8730	多头	20130206	8824	1	0	470	470	2147468800	正常
20130206	8824	空头	20130207	8776	1	0	240	240	2147469056	正常
20130207	8776	多头	20130208	8944	1	0	840	840	2147469952	正常
20130208	8944	空头	20130218	8816	1	0	640	640	2147470592	正常
20130218	8816	多头	20130219	8782	1	0	-170	-170	2147470464	正常
20130219	8782	空头	20130220	8700	1	0	410	410	2147470848	正常
20130220	8700	多头	20130221	8490	1	0	-1050	-1050	2147469824	正常
20130221	8490	空头	20130222	8504	1	0	-70	-70	2147469696	正常
20130222	8504	多头	20130225	8444	1	0	-300	-300	2147469440	正常
20130225	8444	空头	20130226	8354	1	0	450	450	2147469952	正常
20130226	8354	多头	20130227	8322	1	0	-160	-160	2147469824	正常
20130227	8322	空头	20130228	8374	1	0	-260	-260	2147469568	正常
20130228	8374	多头	20130301	8206	1	0	-840	-840	2147468672	正常
20130301	8206	空头	20130304	8056	1	0	750	750	2147469440	正常
20130304	8056	多头	20130305	8030	1	0	-130	-130	2147469312	正常
20130305	8030	空头	20130306	8154	1	0	-620	-620	2147468672	正常
20130306	8154	多头	20130307	8080	1	0	-370	-370	2147468288	正常
20130307	8080	空头	20130308	8064	1	0	80	80	2147468416	正常
20130308	8064	多头	20130311	8118	1	0	270	270	2147468672	正常
20130311	8118	空头	20130312	8002	1	0	580	580	2147469312	正常
20130312	8002	多头	20130313	7940	1	0	-310	-310	2147469056	正常
20130313	7940	空头	20130314	7926	1	0	70	70	2147469184	正常
20130314	7926	多头	20130315	8082	1	0	780	780	2147469952	正常
20130315	8082	空头	20130318	8054	1	0	140	140	2147470080	正常
20130318	8054	多头	20130319	8072	1	0	90	90	2147470208	正常
20130319	8072	空头	20130320	8004	1	0	340	340	2147470592	正常
20130320	8004	多头	20130321	8096	1	0	460	460	2147471104	正常
20130321	8096	空头	20130322	7938	1	0	790	790	2147471872	正常
20130322	7938	多头	20130325	7904	1	0	-170	-170	2147471744	正常
20130325	7904	空头	20130326	7852	1	0	260	260	2147472000	正常
20130326	7852	多头	20130327	7774	1	0	-390	-390	2147471616	正常
20130327	7774	空头	20130328	7752	1	0	110	110	2147471744	正常
20130328	7752	多头	20130329	7706	1	0	-230	-230	2147471488	正常
20130329	7706	空头	20130401	7638	1	0	340	340	2147471872	正常
20130401	7638	多头	20130402	7672	1	0	170	170	2147472000	正常
20130402	7672	空头	20130403	7820	1	0	-740	-740	2147471232	正常
20130403	7820	多头	20130408	7800	1	0	-100	-100	2147471104	正常
20130408	7800	空头	20130409	7882	1	0	-410	-410	2147470720	正常
20130409	7882	多头	20130410	7960	1	0	390	390	2147471104	正常
20130410	7960	空头	20130411	7998	1	0	-190	-190	2147470976	正常
20130411	7998	多头	20130412	7970	1	0	-140	-140	2147470848	正常
20130412	7970	空头	20130415	7692	1	0	1390	1390	2147472256	正常
20130415	7692	多头	20130416	7512	1	0	-900	-900	2147471360	正常
20130416	7512	空头	20130417	7610	1	0	-490	-490	2147470848	正常
20130417	7610	多头	20130418	7450	1	0	-800	-800	2147470080	正常
20130418	7450	空头	20130418	7450	1	0	0	0	2147470080	正常
