模型名称：数据导出
合约名称：PTA1309 
测试时间：2007-02-26 -- 2013-04-18
测试周期：日线
测试模式：实战模式
开仓时使用的资金比率：100%
最大开仓手数：1000
保证金比率：8%
单位：5吨/手
手续费：0圆/手
----------------------------------
  测试天数：		2243		  测试周期数：	1444
  指令总数：		1444		  平均交易周期：1
  初始资金：		2147483647		  最终权益：	2147452928
  总收益率(盈利/初始资金)：	-0.00%	  盈利：	-30719.00
  扣除最大盈利后收益率：	-0.00%
  扣除最大亏损后收益率：	-0.00%

  可靠性(胜率)：	50.97%		  成交额：	119566968
  期望收益(平均R乘数)：	0.00R		  总手续费：	0

  总交易次数：		1444		
  盈利次数比例：	49.24%		  亏损次数比例：	48.96%
  平均利润率：		-0.00%		  平均每次盈利：	-21
  标准离差率：		-3261.2%		  标准离差：		775.10
  多头次数：		722		  空头次数：		721
  多头盈利次数：	368		  空头盈利次数：	343

  盈利次数：		711		  亏损次数：	707
  总盈利：		347750(0.02%)	  总亏损：	-382070(-0.02%)
  平均盈利率：		489(0.00%)	  平均亏损率：	-540(-0.00%)
  最大盈利额：		4900(0.00%)	  最大亏损额：	-8500(-0.00%)
  平均盈利周期：	1		  平均亏损周期：	1
  最大盈利周期：	1		  最大亏损周期：	1
  最大连续盈利次数：	14		  最大连续亏损次数：	9
  最大连续盈利：	14700(0.00%)	  最大连续亏损：	-11020(-0.00%)

  空仓总时间：		0		  最长空仓时间：	0
  空仓时间/总时间：	0.00%


开仓时间	开仓价格	交易类型	平仓时间	平仓价格	手数	手续费	盈利	扣除手续费后盈利	总资金	平仓类型

20070226	8468	多头	20070228	8600	1	0	660	660	2147484416	正常
20070228	8600	空头	20070302	8600	1	0	0	0	2147484416	正常
20070302	8600	多头	20070305	8778	1	0	890	890	2147485184	正常
20070305	8778	空头	20070306	8792	1	0	-70	-70	2147485184	正常
20070306	8792	多头	20070308	8708	1	0	-420	-420	2147484672	正常
20070308	8708	空头	20070313	8400	1	0	1540	1540	2147486208	正常
20070313	8400	多头	20070314	8648	1	0	1240	1240	2147487488	正常
20070314	8648	空头	20070315	8380	1	0	1340	1340	2147488768	正常
20070315	8380	多头	20070316	8664	1	0	1420	1420	2147490304	正常
20070316	8664	空头	20070319	8700	1	0	-180	-180	2147490048	正常
20070319	8700	多头	20070322	8636	1	0	-320	-320	2147489792	正常
20070322	8636	空头	20070323	8666	1	0	-150	-150	2147489536	正常
20070323	8666	多头	20070326	8726	1	0	300	300	2147489792	正常
20070326	8726	空头	20070329	8644	1	0	410	410	2147490304	正常
20070329	8644	多头	20070330	8624	1	0	-100	-100	2147490304	正常
20070330	8624	空头	20070402	8638	1	0	-70	-70	2147490304	正常
20070402	8638	多头	20070403	8848	1	0	1050	1050	2147491328	正常
20070403	8848	空头	20070404	8884	1	0	-180	-180	2147491072	正常
20070404	8884	多头	20070405	8830	1	0	-270	-270	2147490816	正常
20070405	8830	空头	20070406	8858	1	0	-140	-140	2147490560	正常
20070406	8858	多头	20070409	8760	1	0	-490	-490	2147490048	正常
20070409	8760	空头	20070410	8830	1	0	-350	-350	2147489792	正常
20070410	8830	多头	20070412	8850	1	0	100	100	2147489792	正常
20070412	8850	空头	20070413	8898	1	0	-240	-240	2147489536	正常
20070413	8898	多头	20070416	9010	1	0	560	560	2147490048	正常
20070416	9010	空头	20070417	9176	1	0	-830	-830	2147489280	正常
20070417	9176	多头	20070418	9228	1	0	260	260	2147489536	正常
20070418	9228	空头	20070419	9040	1	0	940	940	2147490560	正常
20070419	9040	多头	20070420	9048	1	0	40	40	2147490560	正常
20070420	9048	空头	20070423	9108	1	0	-300	-300	2147490304	正常
20070423	9108	多头	20070425	9050	1	0	-290	-290	2147490048	正常
20070425	9050	空头	20070426	9126	1	0	-380	-380	2147489792	正常
20070426	9126	多头	20070427	9178	1	0	260	260	2147490048	正常
20070427	9178	空头	20070430	9100	1	0	390	390	2147490560	正常
20070430	9100	多头	20070508	9050	1	0	-250	-250	2147490304	正常
20070508	9050	空头	20070509	9072	1	0	-110	-110	2147490304	正常
20070509	9072	多头	20070510	9022	1	0	-250	-250	2147490048	正常
20070510	9022	空头	20070511	9008	1	0	70	70	2147490048	正常
20070511	9008	多头	20070514	8808	1	0	-1000	-1000	2147489024	正常
20070514	8808	空头	20070515	9132	1	0	-1620	-1620	2147487488	正常
20070515	9132	多头	20070516	9072	1	0	-300	-300	2147487232	正常
20070516	9072	空头	20070517	9000	1	0	360	360	2147487488	正常
20070517	9000	多头	20070518	9006	1	0	30	30	2147487488	正常
20070518	9006	空头	20070521	9046	1	0	-200	-200	2147487232	正常
20070521	9046	多头	20070522	9072	1	0	130	130	2147487488	正常
20070522	9072	空头	20070523	9018	1	0	270	270	2147487744	正常
20070523	9018	多头	20070524	9054	1	0	180	180	2147488000	正常
20070524	9054	空头	20070525	9112	1	0	-290	-290	2147487744	正常
20070525	9112	多头	20070528	9200	1	0	440	440	2147488256	正常
20070528	9200	空头	20070529	9108	1	0	460	460	2147488768	正常
20070529	9108	多头	20070530	9024	1	0	-420	-420	2147488256	正常
20070530	9024	空头	20070531	9026	1	0	-10	-10	2147488256	正常
20070531	9026	多头	20070601	9066	1	0	200	200	2147488512	正常
20070601	9066	空头	20070604	8888	1	0	890	890	2147489280	正常
20070604	8888	多头	20070605	8832	1	0	-280	-280	2147489024	正常
20070605	8832	空头	20070606	8832	1	0	0	0	2147489024	正常
20070606	8832	多头	20070607	8842	1	0	50	50	2147489024	正常
20070607	8842	空头	20070608	8686	1	0	780	780	2147489792	正常
20070608	8686	多头	20070611	8636	1	0	-250	-250	2147489536	正常
20070611	8636	空头	20070612	8690	1	0	-270	-270	2147489280	正常
20070612	8690	多头	20070613	8604	1	0	-430	-430	2147488768	正常
20070613	8604	空头	20070614	8646	1	0	-210	-210	2147488512	正常
20070614	8646	多头	20070615	8662	1	0	80	80	2147488512	正常
20070615	8662	空头	20070618	8738	1	0	-380	-380	2147488256	正常
20070618	8738	多头	20070619	8786	1	0	240	240	2147488512	正常
20070619	8786	空头	20070620	8730	1	0	280	280	2147488768	正常
20070620	8730	多头	20070621	8632	1	0	-490	-490	2147488256	正常
20070621	8632	空头	20070622	8646	1	0	-70	-70	2147488256	正常
20070622	8646	多头	20070625	8580	1	0	-330	-330	2147488000	正常
20070625	8580	空头	20070626	8506	1	0	370	370	2147488256	正常
20070626	8506	多头	20070627	8500	1	0	-30	-30	2147488256	正常
20070627	8500	空头	20070628	8490	1	0	50	50	2147488256	正常
20070628	8490	多头	20070629	8410	1	0	-400	-400	2147487744	正常
20070629	8410	空头	20070702	8390	1	0	100	100	2147487744	正常
20070702	8390	多头	20070703	8450	1	0	300	300	2147488000	正常
20070703	8450	空头	20070704	8530	1	0	-400	-400	2147487488	正常
20070704	8530	多头	20070705	8560	1	0	150	150	2147487744	正常
20070705	8560	空头	20070706	8510	1	0	250	250	2147488000	正常
20070706	8510	多头	20070709	8526	1	0	80	80	2147488000	正常
20070709	8526	空头	20070710	8572	1	0	-230	-230	2147487744	正常
20070710	8572	多头	20070711	8518	1	0	-270	-270	2147487488	正常
20070711	8518	空头	20070712	8570	1	0	-260	-260	2147487232	正常
20070712	8570	多头	20070713	8654	1	0	420	420	2147487744	正常
20070713	8654	空头	20070716	8644	1	0	50	50	2147487744	正常
20070716	8644	多头	20070717	8692	1	0	240	240	2147488000	正常
20070717	8692	空头	20070718	8658	1	0	170	170	2147488256	正常
20070718	8658	多头	20070719	8612	1	0	-230	-230	2147488000	正常
20070719	8612	空头	20070720	8626	1	0	-70	-70	2147488000	正常
20070720	8626	多头	20070723	8700	1	0	370	370	2147488256	正常
20070723	8700	空头	20070724	8646	1	0	270	270	2147488512	正常
20070724	8646	多头	20070725	8620	1	0	-130	-130	2147488256	正常
20070725	8620	空头	20070726	8680	1	0	-300	-300	2147488000	正常
20070726	8680	多头	20070727	8626	1	0	-270	-270	2147487744	正常
20070727	8626	空头	20070730	8608	1	0	90	90	2147487744	正常
20070730	8608	多头	20070731	8582	1	0	-130	-130	2147487488	正常
20070731	8582	空头	20070801	8530	1	0	260	260	2147487744	正常
20070801	8530	多头	20070802	8458	1	0	-360	-360	2147487488	正常
20070802	8458	空头	20070803	8460	1	0	-10	-10	2147487488	正常
20070803	8460	多头	20070806	8450	1	0	-50	-50	2147487488	正常
20070806	8450	空头	20070807	8318	1	0	660	660	2147488256	正常
20070807	8318	多头	20070808	8354	1	0	180	180	2147488512	正常
20070808	8354	空头	20070809	8230	1	0	620	620	2147489024	正常
20070809	8230	多头	20070810	8260	1	0	150	150	2147489280	正常
20070810	8260	空头	20070813	8242	1	0	90	90	2147489280	正常
20070813	8242	多头	20070814	8000	1	0	-1210	-1210	2147488000	正常
20070814	8000	空头	20070815	8032	1	0	-160	-160	2147487744	正常
20070815	8032	多头	20070816	8050	1	0	90	90	2147487744	正常
20070816	8050	空头	20070817	8000	1	0	250	250	2147488000	正常
20070817	8000	多头	20070820	8032	1	0	160	160	2147488256	正常
20070820	8032	空头	20070821	7990	1	0	210	210	2147488512	正常
20070821	7990	多头	20070822	8000	1	0	50	50	2147488512	正常
20070822	8000	空头	20070823	7962	1	0	190	190	2147488768	正常
20070823	7962	多头	20070824	7894	1	0	-340	-340	2147488512	正常
20070824	7894	空头	20070827	7900	1	0	-30	-30	2147488512	正常
20070827	7900	多头	20070828	7898	1	0	-10	-10	2147488512	正常
20070828	7898	空头	20070829	7870	1	0	140	140	2147488768	正常
20070829	7870	多头	20070830	7528	1	0	-1710	-1710	2147486976	正常
20070830	7528	空头	20070831	7680	1	0	-760	-760	2147486208	正常
20070831	7680	多头	20070903	7820	1	0	700	700	2147486976	正常
20070903	7820	空头	20070904	7998	1	0	-890	-890	2147486208	正常
20070904	7998	多头	20070905	7982	1	0	-80	-80	2147486208	正常
20070905	7982	空头	20070906	7912	1	0	350	350	2147486464	正常
20070906	7912	多头	20070907	7968	1	0	280	280	2147486720	正常
20070907	7968	空头	20070910	7902	1	0	330	330	2147486976	正常
20070910	7902	多头	20070911	7910	1	0	40	40	2147486976	正常
20070911	7910	空头	20070912	7832	1	0	390	390	2147487488	正常
20070912	7832	多头	20070913	7800	1	0	-160	-160	2147487232	正常
20070913	7800	空头	20070914	7822	1	0	-110	-110	2147487232	正常
20070914	7822	多头	20070919	7750	1	0	-360	-360	2147486976	正常
20070919	7750	空头	20071015	8900	1	0	-5750	-5750	2147481216	正常
20071015	8900	多头	20071016	9020	1	0	600	600	2147481856	正常
20071016	9020	空头	20071018	9000	1	0	100	100	2147481984	正常
20071018	9000	多头	20071019	8750	1	0	-1250	-1250	2147480704	正常
20071019	8750	空头	20071022	9000	1	0	-1250	-1250	2147479424	正常
20071022	9000	多头	20071024	8300	1	0	-3500	-3500	2147475968	正常
20071024	8300	空头	20071025	8750	1	0	-2250	-2250	2147473664	正常
20071025	8750	多头	20071026	8720	1	0	-150	-150	2147473536	正常
20071026	8720	空头	20071031	8770	1	0	-250	-250	2147473280	正常
20071031	8770	多头	20071105	8738	1	0	-160	-160	2147473152	正常
20071105	8738	空头	20071106	8788	1	0	-250	-250	2147472896	正常
20071106	8788	多头	20071107	8888	1	0	500	500	2147473408	正常
20071107	8888	空头	20071108	8650	1	0	1190	1190	2147474560	正常
20071108	8650	多头	20071109	8652	1	0	10	10	2147474560	正常
20071109	8652	空头	20071112	8520	1	0	660	660	2147475200	正常
20071112	8520	多头	20071113	8678	1	0	790	790	2147475968	正常
20071113	8678	空头	20071114	8538	1	0	700	700	2147476608	正常
20071114	8538	多头	20071115	8548	1	0	50	50	2147476608	正常
20071115	8548	空头	20071116	8500	1	0	240	240	2147476864	正常
20071116	8500	多头	20071119	8700	1	0	1000	1000	2147477888	正常
20071119	8700	空头	20071121	8300	1	0	2000	2000	2147479936	正常
20071121	8300	多头	20071122	8762	1	0	2310	2310	2147482240	正常
20071122	8762	空头	20071126	8210	1	0	2760	2760	2147484928	正常
20071126	8210	多头	20071127	8548	1	0	1690	1690	2147486720	正常
20071127	8548	空头	20071130	8388	1	0	800	800	2147487488	正常
20071130	8388	多头	20071203	8166	1	0	-1110	-1110	2147486464	正常
20071203	8166	空头	20071204	8250	1	0	-420	-420	2147485952	正常
20071204	8250	多头	20071205	8190	1	0	-300	-300	2147485696	正常
20071205	8190	空头	20071206	8150	1	0	200	200	2147485952	正常
20071206	8150	多头	20071207	7980	1	0	-850	-850	2147485184	正常
20071207	7980	空头	20071210	7920	1	0	300	300	2147485440	正常
20071210	7920	多头	20071211	8048	1	0	640	640	2147486208	正常
20071211	8048	空头	20071212	7918	1	0	650	650	2147486976	正常
20071212	7918	多头	20071213	7950	1	0	160	160	2147487232	正常
20071213	7950	空头	20071214	7908	1	0	210	210	2147487488	正常
20071214	7908	多头	20071218	7812	1	0	-480	-480	2147486976	正常
20071218	7812	空头	20071219	7780	1	0	160	160	2147487232	正常
20071219	7780	多头	20071220	7858	1	0	390	390	2147487744	正常
20071220	7858	空头	20071221	7720	1	0	690	690	2147488512	正常
20071221	7720	多头	20071224	7800	1	0	400	400	2147489024	正常
20071224	7800	空头	20071225	7670	1	0	650	650	2147489792	正常
20071225	7670	多头	20071226	8150	1	0	2400	2400	2147492096	正常
20071226	8150	空头	20071227	8368	1	0	-1090	-1090	2147491072	正常
20071227	8368	多头	20071228	8058	1	0	-1550	-1550	2147489536	正常
20071228	8058	空头	20080102	8214	1	0	-780	-780	2147488768	正常
20080102	8214	多头	20080103	8200	1	0	-70	-70	2147488768	正常
20080103	8200	空头	20080104	8030	1	0	850	850	2147489536	正常
20080104	8030	多头	20080107	7940	1	0	-450	-450	2147489024	正常
20080107	7940	空头	20080108	7870	1	0	350	350	2147489280	正常
20080108	7870	多头	20080109	8092	1	0	1110	1110	2147490304	正常
20080109	8092	空头	20080110	8410	1	0	-1590	-1590	2147488768	正常
20080110	8410	多头	20080111	7850	1	0	-2800	-2800	2147485952	正常
20080111	7850	空头	20080114	7916	1	0	-330	-330	2147485696	正常
20080114	7916	多头	20080115	7958	1	0	210	210	2147485952	正常
20080115	7958	空头	20080116	7876	1	0	410	410	2147486464	正常
20080116	7876	多头	20080122	7870	1	0	-30	-30	2147486464	正常
20080122	7870	空头	20080123	8070	1	0	-1000	-1000	2147485440	正常
20080123	8070	多头	20080124	8160	1	0	450	450	2147485952	正常
20080124	8160	空头	20080125	8220	1	0	-300	-300	2147485696	正常
20080125	8220	多头	20080128	8000	1	0	-1100	-1100	2147484672	正常
20080128	8000	空头	20080129	7910	1	0	450	450	2147485184	正常
20080129	7910	多头	20080130	7902	1	0	-40	-40	2147485184	正常
20080130	7902	空头	20080131	7930	1	0	-140	-140	2147484928	正常
20080131	7930	多头	20080201	7980	1	0	250	250	2147485184	正常
20080201	7980	空头	20080204	7958	1	0	110	110	2147485184	正常
20080204	7958	多头	20080205	7942	1	0	-80	-80	2147485184	正常
20080205	7942	空头	20080213	8006	1	0	-320	-320	2147484928	正常
20080213	8006	多头	20080215	8140	1	0	670	670	2147485696	正常
20080215	8140	空头	20080218	8240	1	0	-500	-500	2147485184	正常
20080218	8240	多头	20080219	8166	1	0	-370	-370	2147484928	正常
20080219	8166	空头	20080220	8016	1	0	750	750	2147485696	正常
20080220	8016	多头	20080221	8048	1	0	160	160	2147485952	正常
20080221	8048	空头	20080222	8100	1	0	-260	-260	2147485696	正常
20080222	8100	多头	20080225	8250	1	0	750	750	2147486464	正常
20080225	8250	空头	20080226	8308	1	0	-290	-290	2147486208	正常
20080226	8308	多头	20080227	8450	1	0	710	710	2147486976	正常
20080227	8450	空头	20080228	8446	1	0	20	20	2147486976	正常
20080228	8446	多头	20080229	8450	1	0	20	20	2147486976	正常
20080229	8450	空头	20080303	8302	1	0	740	740	2147487744	正常
20080303	8302	多头	20080304	8670	1	0	1840	1840	2147489536	正常
20080304	8670	空头	20080305	8800	1	0	-650	-650	2147488768	正常
20080305	8800	多头	20080306	8636	1	0	-820	-820	2147488000	正常
20080306	8636	空头	20080307	8500	1	0	680	680	2147488768	正常
20080307	8500	多头	20080310	8382	1	0	-590	-590	2147488256	正常
20080310	8382	空头	20080311	8384	1	0	-10	-10	2147488256	正常
20080311	8384	多头	20080312	8528	1	0	720	720	2147489024	正常
20080312	8528	空头	20080313	8640	1	0	-560	-560	2147488512	正常
20080313	8640	多头	20080314	8468	1	0	-860	-860	2147487744	正常
20080314	8468	空头	20080317	8500	1	0	-160	-160	2147487488	正常
20080317	8500	多头	20080318	8574	1	0	370	370	2147487744	正常
20080318	8574	空头	20080319	8544	1	0	150	150	2147488000	正常
20080319	8544	多头	20080320	8530	1	0	-70	-70	2147488000	正常
20080320	8530	空头	20080321	8550	1	0	-100	-100	2147488000	正常
20080321	8550	多头	20080324	8600	1	0	250	250	2147488256	正常
20080324	8600	空头	20080325	8584	1	0	80	80	2147488256	正常
20080325	8584	多头	20080326	8518	1	0	-330	-330	2147488000	正常
20080326	8518	空头	20080327	8596	1	0	-390	-390	2147487488	正常
20080327	8596	多头	20080328	8462	1	0	-670	-670	2147486720	正常
20080328	8462	空头	20080331	8530	1	0	-340	-340	2147486464	正常
20080331	8530	多头	20080401	8512	1	0	-90	-90	2147486464	正常
20080401	8512	空头	20080402	8330	1	0	910	910	2147487488	正常
20080402	8330	多头	20080403	8338	1	0	40	40	2147487488	正常
20080403	8338	空头	20080407	8330	1	0	40	40	2147487488	正常
20080407	8330	多头	20080408	8262	1	0	-340	-340	2147487232	正常
20080408	8262	空头	20080410	8310	1	0	-240	-240	2147486976	正常
20080410	8310	多头	20080411	8234	1	0	-380	-380	2147486720	正常
20080411	8234	空头	20080414	8142	1	0	460	460	2147487232	正常
20080414	8142	多头	20080415	8176	1	0	170	170	2147487488	正常
20080415	8176	空头	20080416	8118	1	0	290	290	2147487744	正常
20080416	8118	多头	20080417	7950	1	0	-840	-840	2147486976	正常
20080417	7950	空头	20080418	8016	1	0	-330	-330	2147486720	正常
20080418	8016	多头	20080421	8010	1	0	-30	-30	2147486720	正常
20080421	8010	空头	20080422	7986	1	0	120	120	2147486720	正常
20080422	7986	多头	20080423	7896	1	0	-450	-450	2147486208	正常
20080423	7896	空头	20080424	8006	1	0	-550	-550	2147485696	正常
20080424	8006	多头	20080425	8200	1	0	970	970	2147486720	正常
20080425	8200	空头	20080428	8194	1	0	30	30	2147486720	正常
20080428	8194	多头	20080429	8170	1	0	-120	-120	2147486720	正常
20080429	8170	空头	20080430	8220	1	0	-250	-250	2147486464	正常
20080430	8220	多头	20080505	8102	1	0	-590	-590	2147485952	正常
20080505	8102	空头	20080506	8046	1	0	280	280	2147486208	正常
20080506	8046	多头	20080507	8116	1	0	350	350	2147486464	正常
20080507	8116	空头	20080508	8120	1	0	-20	-20	2147486464	正常
20080508	8120	多头	20080509	8058	1	0	-310	-310	2147486208	正常
20080509	8058	空头	20080512	8154	1	0	-480	-480	2147485696	正常
20080512	8154	多头	20080513	8200	1	0	230	230	2147485952	正常
20080513	8200	空头	20080514	8444	1	0	-1220	-1220	2147484672	正常
20080514	8444	多头	20080515	8318	1	0	-630	-630	2147484160	正常
20080515	8318	空头	20080516	8450	1	0	-660	-660	2147483520	正常
20080516	8450	多头	20080519	8530	1	0	400	400	2147483904	正常
20080519	8530	空头	20080520	8460	1	0	350	350	2147484160	正常
20080520	8460	多头	20080521	8496	1	0	180	180	2147484416	正常
20080521	8496	空头	20080522	8700	1	0	-1020	-1020	2147483392	正常
20080522	8700	多头	20080523	8600	1	0	-500	-500	2147482880	正常
20080523	8600	空头	20080526	8788	1	0	-940	-940	2147481984	正常
20080526	8788	多头	20080527	8856	1	0	340	340	2147482368	正常
20080527	8856	空头	20080528	8750	1	0	530	530	2147482880	正常
20080528	8750	多头	20080529	8746	1	0	-20	-20	2147482880	正常
20080529	8746	空头	20080530	8722	1	0	120	120	2147483008	正常
20080530	8722	多头	20080602	8886	1	0	820	820	2147483904	正常
20080602	8886	空头	20080603	8996	1	0	-550	-550	2147483392	正常
20080603	8996	多头	20080604	9058	1	0	310	310	2147483648	正常
20080604	9058	空头	20080605	9190	1	0	-660	-660	2147483008	正常
20080605	9190	多头	20080606	9400	1	0	1050	1050	2147484160	正常
20080606	9400	空头	20080610	9360	1	0	200	200	2147484416	正常
20080610	9360	多头	20080611	9470	1	0	550	550	2147484928	正常
20080611	9470	空头	20080612	9548	1	0	-390	-390	2147484416	正常
20080612	9548	多头	20080613	9558	1	0	50	50	2147484416	正常
20080613	9558	空头	20080616	9840	1	0	-1410	-1410	2147483008	正常
20080616	9840	多头	20080617	9850	1	0	50	50	2147483008	正常
20080617	9850	空头	20080618	9728	1	0	610	610	2147483648	正常
20080618	9728	多头	20080619	9838	1	0	550	550	2147484160	正常
20080619	9838	空头	20080620	9700	1	0	690	690	2147484928	正常
20080620	9700	多头	20080623	9680	1	0	-100	-100	2147484928	正常
20080623	9680	空头	20080624	9620	1	0	300	300	2147485184	正常
20080624	9620	多头	20080625	9466	1	0	-770	-770	2147484416	正常
20080625	9466	空头	20080626	9480	1	0	-70	-70	2147484416	正常
20080626	9480	多头	20080627	9576	1	0	480	480	2147484928	正常
20080627	9576	空头	20080630	9550	1	0	130	130	2147485184	正常
20080630	9550	多头	20080701	9430	1	0	-600	-600	2147484672	正常
20080701	9430	空头	20080702	9596	1	0	-830	-830	2147483904	正常
20080702	9596	多头	20080703	9672	1	0	380	380	2147484160	正常
20080703	9672	空头	20080704	9610	1	0	310	310	2147484416	正常
20080704	9610	多头	20080707	9600	1	0	-50	-50	2147484416	正常
20080707	9600	空头	20080708	9560	1	0	200	200	2147484672	正常
20080708	9560	多头	20080709	9500	1	0	-300	-300	2147484416	正常
20080709	9500	空头	20080710	9430	1	0	350	350	2147484672	正常
20080710	9430	多头	20080711	9450	1	0	100	100	2147484672	正常
20080711	9450	空头	20080714	9360	1	0	450	450	2147485184	正常
20080714	9360	多头	20080715	9400	1	0	200	200	2147485440	正常
20080715	9400	空头	20080716	9250	1	0	750	750	2147486208	正常
20080716	9250	多头	20080717	9280	1	0	150	150	2147486464	正常
20080717	9280	空头	20080718	9500	1	0	-1100	-1100	2147485440	正常
20080718	9500	多头	20080721	9346	1	0	-770	-770	2147484672	正常
20080721	9346	空头	20080722	9350	1	0	-20	-20	2147484672	正常
20080722	9350	多头	20080723	9234	1	0	-580	-580	2147484160	正常
20080723	9234	空头	20080724	9130	1	0	520	520	2147484672	正常
20080724	9130	多头	20080725	9164	1	0	170	170	2147484928	正常
20080725	9164	空头	20080728	9180	1	0	-80	-80	2147484928	正常
20080728	9180	多头	20080729	9160	1	0	-100	-100	2147484928	正常
20080729	9160	空头	20080730	9160	1	0	0	0	2147484928	正常
20080730	9160	多头	20080731	9192	1	0	160	160	2147485184	正常
20080731	9192	空头	20080801	9148	1	0	220	220	2147485440	正常
20080801	9148	多头	20080804	9252	1	0	520	520	2147485952	正常
20080804	9252	空头	20080805	9364	1	0	-560	-560	2147485440	正常
20080805	9364	多头	20080806	9182	1	0	-910	-910	2147484416	正常
20080806	9182	空头	20080807	9154	1	0	140	140	2147484672	正常
20080807	9154	多头	20080808	9044	1	0	-550	-550	2147484160	正常
20080808	9044	空头	20080811	8888	1	0	780	780	2147484928	正常
20080811	8888	多头	20080812	8844	1	0	-220	-220	2147484672	正常
20080812	8844	空头	20080813	8990	1	0	-730	-730	2147483904	正常
20080813	8990	多头	20080814	9208	1	0	1090	1090	2147484928	正常
20080814	9208	空头	20080815	8902	1	0	1530	1530	2147486464	正常
20080815	8902	多头	20080818	9200	1	0	1490	1490	2147488000	正常
20080818	9200	空头	20080819	9278	1	0	-390	-390	2147487488	正常
20080819	9278	多头	20080820	9310	1	0	160	160	2147487744	正常
20080820	9310	空头	20080821	9398	1	0	-440	-440	2147487232	正常
20080821	9398	多头	20080822	9268	1	0	-650	-650	2147486464	正常
20080822	9268	空头	20080825	9100	1	0	840	840	2147487232	正常
20080825	9100	多头	20080826	8894	1	0	-1030	-1030	2147486208	正常
20080826	8894	空头	20080827	9100	1	0	-1030	-1030	2147485184	正常
20080827	9100	多头	20080828	8916	1	0	-920	-920	2147484160	正常
20080828	8916	空头	20080829	8902	1	0	70	70	2147484160	正常
20080829	8902	多头	20080901	8900	1	0	-10	-10	2147484160	正常
20080901	8900	空头	20080902	8808	1	0	460	460	2147484672	正常
20080902	8808	多头	20080903	8900	1	0	460	460	2147485184	正常
20080903	8900	空头	20080904	8558	1	0	1710	1710	2147486976	正常
20080904	8558	多头	20080905	8780	1	0	1110	1110	2147488000	正常
20080905	8780	空头	20080908	8400	1	0	1900	1900	2147489792	正常
20080908	8400	多头	20080909	9000	1	0	3000	3000	2147492864	正常
20080909	9000	空头	20080910	8948	1	0	260	260	2147493120	正常
20080910	8948	多头	20080911	8722	1	0	-1130	-1130	2147492096	正常
20080911	8722	空头	20080912	9000	1	0	-1390	-1390	2147490816	正常
20080912	9000	多头	20080916	7300	1	0	-8500	-8500	2147482368	正常
20080916	7300	空头	20080924	7198	1	0	510	510	2147482880	正常
20080924	7198	多头	20080925	7254	1	0	280	280	2147483136	正常
20080925	7254	空头	20081006	7170	1	0	420	420	2147483520	正常
20081006	7170	多头	20081007	6914	1	0	-1280	-1280	2147482240	正常
20081007	6914	空头	20081008	7250	1	0	-1680	-1680	2147480576	正常
20081008	7250	多头	20081009	7014	1	0	-1180	-1180	2147479424	正常
20081009	7014	空头	20081010	6692	1	0	1610	1610	2147481088	正常
20081010	6692	多头	20081013	6830	1	0	690	690	2147481728	正常
20081013	6830	空头	20081014	6602	1	0	1140	1140	2147482880	正常
20081014	6602	多头	20081015	6472	1	0	-650	-650	2147482240	正常
20081015	6472	空头	20081016	6238	1	0	1170	1170	2147483392	正常
20081016	6238	多头	20081017	6250	1	0	60	60	2147483392	正常
20081017	6250	空头	20081020	6000	1	0	1250	1250	2147484672	正常
20081020	6000	多头	20081021	6000	1	0	0	0	2147484672	正常
20081021	6000	空头	20081022	6000	1	0	0	0	2147484672	正常
20081022	6000	多头	20081023	5692	1	0	-1540	-1540	2147483136	正常
20081023	5692	空头	20081024	5850	1	0	-790	-790	2147482368	正常
20081024	5850	多头	20081027	5382	1	0	-2340	-2340	2147480064	正常
20081027	5382	空头	20081028	5362	1	0	100	100	2147480192	正常
20081028	5362	多头	20081029	5200	1	0	-810	-810	2147479424	正常
20081029	5200	空头	20081030	5002	1	0	990	990	2147480448	正常
20081030	5002	多头	20081031	4848	1	0	-770	-770	2147479680	正常
20081031	4848	空头	20081103	4998	1	0	-750	-750	2147478912	正常
20081103	4998	多头	20081104	4674	1	0	-1620	-1620	2147477248	正常
20081104	4674	空头	20081105	4950	1	0	-1380	-1380	2147475840	正常
20081105	4950	多头	20081106	4868	1	0	-410	-410	2147475456	正常
20081106	4868	空头	20081107	4936	1	0	-340	-340	2147475072	正常
20081107	4936	多头	20081110	4950	1	0	70	70	2147475200	正常
20081110	4950	空头	20081111	4916	1	0	170	170	2147475328	正常
20081111	4916	多头	20081112	4604	1	0	-1560	-1560	2147473792	正常
20081112	4604	空头	20081113	4612	1	0	-40	-40	2147473792	正常
20081113	4612	多头	20081114	4742	1	0	650	650	2147474432	正常
20081114	4742	空头	20081117	4848	1	0	-530	-530	2147473920	正常
20081117	4848	多头	20081118	4980	1	0	660	660	2147474560	正常
20081118	4980	空头	20081119	5040	1	0	-300	-300	2147474304	正常
20081119	5040	多头	20081120	4978	1	0	-310	-310	2147474048	正常
20081120	4978	空头	20081121	4710	1	0	1340	1340	2147475328	正常
20081121	4710	多头	20081124	4910	1	0	1000	1000	2147476352	正常
20081124	4910	空头	20081125	5116	1	0	-1030	-1030	2147475328	正常
20081125	5116	多头	20081126	5094	1	0	-110	-110	2147475200	正常
20081126	5094	空头	20081127	5300	1	0	-1030	-1030	2147474176	正常
20081127	5300	多头	20081128	5176	1	0	-620	-620	2147473536	正常
20081128	5176	空头	20081201	5216	1	0	-200	-200	2147473280	正常
20081201	5216	多头	20081202	5392	1	0	880	880	2147474176	正常
20081202	5392	空头	20081203	5250	1	0	710	710	2147474944	正常
20081203	5250	多头	20081204	5206	1	0	-220	-220	2147474688	正常
20081204	5206	空头	20081205	5086	1	0	600	600	2147475328	正常
20081205	5086	多头	20081208	5100	1	0	70	70	2147475456	正常
20081208	5100	空头	20081209	5256	1	0	-780	-780	2147474688	正常
20081209	5256	多头	20081210	5250	1	0	-30	-30	2147474688	正常
20081210	5250	空头	20081211	5400	1	0	-750	-750	2147473920	正常
20081211	5400	多头	20081212	5404	1	0	20	20	2147473920	正常
20081212	5404	空头	20081215	5500	1	0	-480	-480	2147473408	正常
20081215	5500	多头	20081216	5420	1	0	-400	-400	2147473024	正常
20081216	5420	空头	20081217	5628	1	0	-1040	-1040	2147472000	正常
20081217	5628	多头	20081218	5416	1	0	-1060	-1060	2147470976	正常
20081218	5416	空头	20081219	5402	1	0	70	70	2147471104	正常
20081219	5402	多头	20081222	5504	1	0	510	510	2147471616	正常
20081222	5504	空头	20081223	5700	1	0	-980	-980	2147470592	正常
20081223	5700	多头	20081224	5570	1	0	-650	-650	2147469952	正常
20081224	5570	空头	20081225	5560	1	0	50	50	2147469952	正常
20081225	5560	多头	20081226	5596	1	0	180	180	2147470080	正常
20081226	5596	空头	20081229	5534	1	0	310	310	2147470336	正常
20081229	5534	多头	20081230	5432	1	0	-510	-510	2147469824	正常
20081230	5432	空头	20081231	5372	1	0	300	300	2147470080	正常
20081231	5372	多头	20090105	5448	1	0	380	380	2147470464	正常
20090105	5448	空头	20090106	5310	1	0	690	690	2147471104	正常
20090106	5310	多头	20090107	5648	1	0	1690	1690	2147472768	正常
20090107	5648	空头	20090108	5620	1	0	140	140	2147472896	正常
20090108	5620	多头	20090109	5620	1	0	0	0	2147472896	正常
20090109	5620	空头	20090112	5610	1	0	50	50	2147472896	正常
20090112	5610	多头	20090113	5524	1	0	-430	-430	2147472512	正常
20090113	5524	空头	20090114	5690	1	0	-830	-830	2147471744	正常
20090114	5690	多头	20090115	5746	1	0	280	280	2147472000	正常
20090115	5746	空头	20090116	5686	1	0	300	300	2147472256	正常
20090116	5686	多头	20090119	5758	1	0	360	360	2147472640	正常
20090119	5758	空头	20090120	5804	1	0	-230	-230	2147472384	正常
20090120	5804	多头	20090121	5890	1	0	430	430	2147472768	正常
20090121	5890	空头	20090122	5810	1	0	400	400	2147473152	正常
20090122	5810	多头	20090123	5784	1	0	-130	-130	2147473024	正常
20090123	5784	空头	20090202	6106	1	0	-1610	-1610	2147471360	正常
20090202	6106	多头	20090203	6146	1	0	200	200	2147471616	正常
20090203	6146	空头	20090204	6214	1	0	-340	-340	2147471232	正常
20090204	6214	多头	20090205	6306	1	0	460	460	2147471744	正常
20090205	6306	空头	20090206	6242	1	0	320	320	2147472128	正常
20090206	6242	多头	20090209	6410	1	0	840	840	2147473024	正常
20090209	6410	空头	20090210	6360	1	0	250	250	2147473280	正常
20090210	6360	多头	20090211	6376	1	0	80	80	2147473408	正常
20090211	6376	空头	20090212	6300	1	0	380	380	2147473792	正常
20090212	6300	多头	20090213	6260	1	0	-200	-200	2147473536	正常
20090213	6260	空头	20090216	6200	1	0	300	300	2147473792	正常
20090216	6200	多头	20090217	6042	1	0	-790	-790	2147473024	正常
20090217	6042	空头	20090218	5958	1	0	420	420	2147473408	正常
20090218	5958	多头	20090219	5780	1	0	-890	-890	2147472512	正常
20090219	5780	空头	20090220	5820	1	0	-200	-200	2147472256	正常
20090220	5820	多头	20090223	5852	1	0	160	160	2147472384	正常
20090223	5852	空头	20090224	5926	1	0	-370	-370	2147472000	正常
20090224	5926	多头	20090225	5990	1	0	320	320	2147472384	正常
20090225	5990	空头	20090226	5938	1	0	260	260	2147472640	正常
20090226	5938	多头	20090227	5822	1	0	-580	-580	2147472000	正常
20090227	5822	空头	20090302	5638	1	0	920	920	2147472896	正常
20090302	5638	多头	20090303	5670	1	0	160	160	2147473024	正常
20090303	5670	空头	20090304	5742	1	0	-360	-360	2147472640	正常
20090304	5742	多头	20090305	5828	1	0	430	430	2147473024	正常
20090305	5828	空头	20090306	5700	1	0	640	640	2147473664	正常
20090306	5700	多头	20090309	5738	1	0	190	190	2147473792	正常
20090309	5738	空头	20090310	5718	1	0	100	100	2147473920	正常
20090310	5718	多头	20090311	5802	1	0	420	420	2147474304	正常
20090311	5802	空头	20090312	5798	1	0	20	20	2147474304	正常
20090312	5798	多头	20090313	5856	1	0	290	290	2147474560	正常
20090313	5856	空头	20090316	5850	1	0	30	30	2147474560	正常
20090316	5850	多头	20090317	5930	1	0	400	400	2147474944	正常
20090317	5930	空头	20090318	6020	1	0	-450	-450	2147474432	正常
20090318	6020	多头	20090319	6054	1	0	170	170	2147474560	正常
20090319	6054	空头	20090320	6200	1	0	-730	-730	2147473792	正常
20090320	6200	多头	20090323	6350	1	0	750	750	2147474560	正常
20090323	6350	空头	20090324	6504	1	0	-770	-770	2147473792	正常
20090324	6504	多头	20090325	6336	1	0	-840	-840	2147472896	正常
20090325	6336	空头	20090326	6276	1	0	300	300	2147473152	正常
20090326	6276	多头	20090327	6410	1	0	670	670	2147473792	正常
20090327	6410	空头	20090330	6530	1	0	-600	-600	2147473152	正常
20090330	6530	多头	20090331	6550	1	0	100	100	2147473280	正常
20090331	6550	空头	20090401	6560	1	0	-50	-50	2147473280	正常
20090401	6560	多头	20090402	6750	1	0	950	950	2147474176	正常
20090402	6750	空头	20090403	6780	1	0	-150	-150	2147474048	正常
20090403	6780	多头	20090407	6640	1	0	-700	-700	2147473408	正常
20090407	6640	空头	20090408	6850	1	0	-1050	-1050	2147472384	正常
20090408	6850	多头	20090409	6672	1	0	-890	-890	2147471488	正常
20090409	6672	空头	20090410	6686	1	0	-70	-70	2147471360	正常
20090410	6686	多头	20090413	6714	1	0	140	140	2147471488	正常
20090413	6714	空头	20090414	6540	1	0	870	870	2147472384	正常
20090414	6540	多头	20090415	6682	1	0	710	710	2147473152	正常
20090415	6682	空头	20090416	6966	1	0	-1420	-1420	2147471744	正常
20090416	6966	多头	20090417	7170	1	0	1020	1020	2147472768	正常
20090417	7170	空头	20090420	7100	1	0	350	350	2147473152	正常
20090420	7100	多头	20090421	6950	1	0	-750	-750	2147472384	正常
20090421	6950	空头	20090422	7062	1	0	-560	-560	2147471872	正常
20090422	7062	多头	20090423	6940	1	0	-610	-610	2147471232	正常
20090423	6940	空头	20090424	6998	1	0	-290	-290	2147470976	正常
20090424	6998	多头	20090427	6996	1	0	-10	-10	2147470976	正常
20090427	6996	空头	20090428	7270	1	0	-1370	-1370	2147469568	正常
20090428	7270	多头	20090429	7490	1	0	1100	1100	2147470720	正常
20090429	7490	空头	20090430	7410	1	0	400	400	2147471104	正常
20090430	7410	多头	20090504	7330	1	0	-400	-400	2147470720	正常
20090504	7330	空头	20090505	7340	1	0	-50	-50	2147470720	正常
20090505	7340	多头	20090506	7162	1	0	-890	-890	2147469824	正常
20090506	7162	空头	20090507	7228	1	0	-330	-330	2147469440	正常
20090507	7228	多头	20090508	7178	1	0	-250	-250	2147469184	正常
20090508	7178	空头	20090511	7170	1	0	40	40	2147469184	正常
20090511	7170	多头	20090512	7170	1	0	0	0	2147469184	正常
20090512	7170	空头	20090513	7080	1	0	450	450	2147469696	正常
20090513	7080	多头	20090514	7002	1	0	-390	-390	2147469312	正常
20090514	7002	空头	20090515	6920	1	0	410	410	2147469696	正常
20090515	6920	多头	20090518	7078	1	0	790	790	2147470464	正常
20090518	7078	空头	20090519	7120	1	0	-210	-210	2147470208	正常
20090519	7120	多头	20090520	6960	1	0	-800	-800	2147469440	正常
20090520	6960	空头	20090521	6920	1	0	200	200	2147469696	正常
20090521	6920	多头	20090522	6900	1	0	-100	-100	2147469568	正常
20090522	6900	空头	20090525	6860	1	0	200	200	2147469824	正常
20090525	6860	多头	20090526	6834	1	0	-130	-130	2147469696	正常
20090526	6834	空头	20090527	6872	1	0	-190	-190	2147469568	正常
20090527	6872	多头	20090601	6880	1	0	40	40	2147469568	正常
20090601	6880	空头	20090602	7014	1	0	-670	-670	2147468928	正常
20090602	7014	多头	20090603	6944	1	0	-350	-350	2147468544	正常
20090603	6944	空头	20090604	6846	1	0	490	490	2147469056	正常
20090604	6846	多头	20090605	6900	1	0	270	270	2147469312	正常
20090605	6900	空头	20090608	6802	1	0	490	490	2147469824	正常
20090608	6802	多头	20090609	6840	1	0	190	190	2147469952	正常
20090609	6840	空头	20090610	6760	1	0	400	400	2147470336	正常
20090610	6760	多头	20090611	6748	1	0	-60	-60	2147470336	正常
20090611	6748	空头	20090612	6800	1	0	-260	-260	2147470080	正常
20090612	6800	多头	20090615	6820	1	0	100	100	2147470208	正常
20090615	6820	空头	20090616	6868	1	0	-240	-240	2147469952	正常
20090616	6868	多头	20090617	6790	1	0	-390	-390	2147469568	正常
20090617	6790	空头	20090618	6824	1	0	-170	-170	2147469440	正常
20090618	6824	多头	20090619	6922	1	0	490	490	2147469952	正常
20090619	6922	空头	20090622	6922	1	0	0	0	2147469952	正常
20090622	6922	多头	20090623	6876	1	0	-230	-230	2147469696	正常
20090623	6876	空头	20090624	6800	1	0	380	380	2147470080	正常
20090624	6800	多头	20090625	6790	1	0	-50	-50	2147470080	正常
20090625	6790	空头	20090626	6850	1	0	-300	-300	2147469824	正常
20090626	6850	多头	20090629	6842	1	0	-40	-40	2147469824	正常
20090629	6842	空头	20090630	6870	1	0	-140	-140	2147469696	正常
20090630	6870	多头	20090701	6990	1	0	600	600	2147470336	正常
20090701	6990	空头	20090702	6996	1	0	-30	-30	2147470336	正常
20090702	6996	多头	20090703	6976	1	0	-100	-100	2147470208	正常
20090703	6976	空头	20090706	6978	1	0	-10	-10	2147470208	正常
20090706	6978	多头	20090707	7066	1	0	440	440	2147470592	正常
20090707	7066	空头	20090708	7000	1	0	330	330	2147470976	正常
20090708	7000	多头	20090709	6972	1	0	-140	-140	2147470848	正常
20090709	6972	空头	20090710	7116	1	0	-720	-720	2147470080	正常
20090710	7116	多头	20090713	7150	1	0	170	170	2147470208	正常
20090713	7150	空头	20090714	7226	1	0	-380	-380	2147469824	正常
20090714	7226	多头	20090715	7320	1	0	470	470	2147470336	正常
20090715	7320	空头	20090716	7350	1	0	-150	-150	2147470208	正常
20090716	7350	多头	20090717	7278	1	0	-360	-360	2147469824	正常
20090717	7278	空头	20090720	7260	1	0	90	90	2147469952	正常
20090720	7260	多头	20090721	7220	1	0	-200	-200	2147469696	正常
20090721	7220	空头	20090722	7220	1	0	0	0	2147469696	正常
20090722	7220	多头	20090723	7296	1	0	380	380	2147470080	正常
20090723	7296	空头	20090724	7428	1	0	-660	-660	2147469440	正常
20090724	7428	多头	20090727	7536	1	0	540	540	2147469952	正常
20090727	7536	空头	20090728	7656	1	0	-600	-600	2147469312	正常
20090728	7656	多头	20090729	7822	1	0	830	830	2147470080	正常
20090729	7822	空头	20090730	7780	1	0	210	210	2147470336	正常
20090730	7780	多头	20090731	7940	1	0	800	800	2147471104	正常
20090731	7940	空头	20090803	7966	1	0	-130	-130	2147470976	正常
20090803	7966	多头	20090804	8322	1	0	1780	1780	2147472768	正常
20090804	8322	空头	20090805	8448	1	0	-630	-630	2147472128	正常
20090805	8448	多头	20090806	8360	1	0	-440	-440	2147471744	正常
20090806	8360	空头	20090807	8288	1	0	360	360	2147472128	正常
20090807	8288	多头	20090810	7940	1	0	-1740	-1740	2147470336	正常
20090810	7940	空头	20090811	7950	1	0	-50	-50	2147470336	正常
20090811	7950	多头	20090812	8238	1	0	1440	1440	2147471744	正常
20090812	8238	空头	20090813	8300	1	0	-310	-310	2147471488	正常
20090813	8300	多头	20090814	8166	1	0	-670	-670	2147470848	正常
20090814	8166	空头	20090817	8130	1	0	180	180	2147470976	正常
20090817	8130	多头	20090818	8086	1	0	-220	-220	2147470720	正常
20090818	8086	空头	20090819	8012	1	0	370	370	2147471104	正常
20090819	8012	多头	20090820	7912	1	0	-500	-500	2147470592	正常
20090820	7912	空头	20090821	7822	1	0	450	450	2147471104	正常
20090821	7822	多头	20090824	8000	1	0	890	890	2147472000	正常
20090824	8000	空头	20090825	7750	1	0	1250	1250	2147473280	正常
20090825	7750	多头	20090826	7660	1	0	-450	-450	2147472768	正常
20090826	7660	空头	20090827	7660	1	0	0	0	2147472768	正常
20090827	7660	多头	20090828	7662	1	0	10	10	2147472768	正常
20090828	7662	空头	20090831	7620	1	0	210	210	2147473024	正常
20090831	7620	多头	20090901	7582	1	0	-190	-190	2147472896	正常
20090901	7582	空头	20090902	7250	1	0	1660	1660	2147474560	正常
20090902	7250	多头	20090903	7110	1	0	-700	-700	2147473920	正常
20090903	7110	空头	20090904	7200	1	0	-450	-450	2147473408	正常
20090904	7200	多头	20090907	7294	1	0	470	470	2147473920	正常
20090907	7294	空头	20090908	7074	1	0	1100	1100	2147475072	正常
20090908	7074	多头	20090909	7142	1	0	340	340	2147475456	正常
20090909	7142	空头	20090910	7150	1	0	-40	-40	2147475456	正常
20090910	7150	多头	20090914	7130	1	0	-100	-100	2147475328	正常
20090914	7130	空头	20090915	7050	1	0	400	400	2147475712	正常
20090915	7050	多头	20090916	7400	1	0	1750	1750	2147477504	正常
20090916	7400	空头	20090918	7466	1	0	-330	-330	2147477120	正常
20090918	7466	多头	20090921	7356	1	0	-550	-550	2147476608	正常
20090921	7356	空头	20090922	7332	1	0	120	120	2147476736	正常
20090922	7332	多头	20090923	7300	1	0	-160	-160	2147476608	正常
20090923	7300	空头	20090925	6930	1	0	1850	1850	2147478400	正常
20090925	6930	多头	20090928	7100	1	0	850	850	2147479296	正常
20090928	7100	空头	20090930	7000	1	0	500	500	2147479808	正常
20090930	7000	多头	20091009	7098	1	0	490	490	2147480320	正常
20091009	7098	空头	20091012	7100	1	0	-10	-10	2147480320	正常
20091012	7100	多头	20091013	7398	1	0	1490	1490	2147481856	正常
20091013	7398	空头	20091014	7476	1	0	-390	-390	2147481472	正常
20091014	7476	多头	20091015	7418	1	0	-290	-290	2147481216	正常
20091015	7418	空头	20091016	7340	1	0	390	390	2147481600	正常
20091016	7340	多头	20091019	7560	1	0	1100	1100	2147482752	正常
20091019	7560	空头	20091020	7648	1	0	-440	-440	2147482368	正常
20091020	7648	多头	20091021	7600	1	0	-240	-240	2147482112	正常
20091021	7600	空头	20091022	7648	1	0	-240	-240	2147481856	正常
20091022	7648	多头	20091023	7556	1	0	-460	-460	2147481344	正常
20091023	7556	空头	20091026	7720	1	0	-820	-820	2147480576	正常
20091026	7720	多头	20091027	7778	1	0	290	290	2147480832	正常
20091027	7778	空头	20091028	7718	1	0	300	300	2147481088	正常
20091028	7718	多头	20091029	7574	1	0	-720	-720	2147480320	正常
20091029	7574	空头	20091030	7638	1	0	-320	-320	2147480064	正常
20091030	7638	多头	20091103	7542	1	0	-480	-480	2147479552	正常
20091103	7542	空头	20091104	7800	1	0	-1290	-1290	2147478272	正常
20091104	7800	多头	20091105	7672	1	0	-640	-640	2147477632	正常
20091105	7672	空头	20091106	7786	1	0	-570	-570	2147477120	正常
20091106	7786	多头	20091109	7808	1	0	110	110	2147477248	正常
20091109	7808	空头	20091110	7808	1	0	0	0	2147477248	正常
20091110	7808	多头	20091111	7870	1	0	310	310	2147477504	正常
20091111	7870	空头	20091112	8088	1	0	-1090	-1090	2147476352	正常
20091112	8088	多头	20091113	8036	1	0	-260	-260	2147476096	正常
20091113	8036	空头	20091116	7980	1	0	280	280	2147476352	正常
20091116	7980	多头	20091117	8026	1	0	230	230	2147476608	正常
20091117	8026	空头	20091118	7920	1	0	530	530	2147477120	正常
20091118	7920	多头	20091119	8068	1	0	740	740	2147477888	正常
20091119	8068	空头	20091120	8092	1	0	-120	-120	2147477760	正常
20091120	8092	多头	20091123	8260	1	0	840	840	2147478656	正常
20091123	8260	空头	20091124	8350	1	0	-450	-450	2147478144	正常
20091124	8350	多头	20091125	8290	1	0	-300	-300	2147477888	正常
20091125	8290	空头	20091126	8280	1	0	50	50	2147477888	正常
20091126	8280	多头	20091127	8182	1	0	-490	-490	2147477376	正常
20091127	8182	空头	20091130	8304	1	0	-610	-610	2147476736	正常
20091130	8304	多头	20091201	8048	1	0	-1280	-1280	2147475456	正常
20091201	8048	空头	20091202	8200	1	0	-760	-760	2147474688	正常
20091202	8200	多头	20091203	8296	1	0	480	480	2147475200	正常
20091203	8296	空头	20091204	8336	1	0	-200	-200	2147474944	正常
20091204	8336	多头	20091207	8376	1	0	200	200	2147475200	正常
20091207	8376	空头	20091208	8230	1	0	730	730	2147475968	正常
20091208	8230	多头	20091209	8128	1	0	-510	-510	2147475456	正常
20091209	8128	空头	20091210	8150	1	0	-110	-110	2147475328	正常
20091210	8150	多头	20091211	8250	1	0	500	500	2147475840	正常
20091211	8250	空头	20091214	8188	1	0	310	310	2147476096	正常
20091214	8188	多头	20091215	8248	1	0	300	300	2147476352	正常
20091215	8248	空头	20091216	8298	1	0	-250	-250	2147476096	正常
20091216	8298	多头	20091217	8388	1	0	450	450	2147476608	正常
20091217	8388	空头	20091218	8222	1	0	830	830	2147477376	正常
20091218	8222	多头	20091221	8264	1	0	210	210	2147477632	正常
20091221	8264	空头	20091222	8248	1	0	80	80	2147477760	正常
20091222	8248	多头	20091223	8126	1	0	-610	-610	2147477120	正常
20091223	8126	空头	20091224	8036	1	0	450	450	2147477632	正常
20091224	8036	多头	20091225	8250	1	0	1070	1070	2147478656	正常
20091225	8250	空头	20091228	8238	1	0	60	60	2147478656	正常
20091228	8238	多头	20091229	8386	1	0	740	740	2147479424	正常
20091229	8386	空头	20091230	8438	1	0	-260	-260	2147479168	正常
20091230	8438	多头	20091231	8434	1	0	-20	-20	2147479168	正常
20091231	8434	空头	20100104	8440	1	0	-30	-30	2147479168	正常
20100104	8440	多头	20100105	8624	1	0	920	920	2147480064	正常
20100105	8624	空头	20100106	8598	1	0	130	130	2147480192	正常
20100106	8598	多头	20100107	8630	1	0	160	160	2147480320	正常
20100107	8630	空头	20100108	8380	1	0	1250	1250	2147481600	正常
20100108	8380	多头	20100111	8510	1	0	650	650	2147482240	正常
20100111	8510	空头	20100112	8434	1	0	380	380	2147482624	正常
20100112	8434	多头	20100113	8500	1	0	330	330	2147483008	正常
20100113	8500	空头	20100114	8530	1	0	-150	-150	2147482880	正常
20100114	8530	多头	20100115	8566	1	0	180	180	2147483008	正常
20100115	8566	空头	20100118	8450	1	0	580	580	2147483648	正常
20100118	8450	多头	20100119	8612	1	0	810	810	2147484416	正常
20100119	8612	空头	20100120	8722	1	0	-550	-550	2147483904	正常
20100120	8722	多头	20100121	8640	1	0	-410	-410	2147483520	正常
20100121	8640	空头	20100122	8650	1	0	-50	-50	2147483520	正常
20100122	8650	多头	20100125	8404	1	0	-1230	-1230	2147482240	正常
20100125	8404	空头	20100126	8580	1	0	-880	-880	2147481344	正常
20100126	8580	多头	20100127	8478	1	0	-510	-510	2147480832	正常
20100127	8478	空头	20100128	8100	1	0	1890	1890	2147482752	正常
20100128	8100	多头	20100129	8236	1	0	680	680	2147483392	正常
20100129	8236	空头	20100201	8216	1	0	100	100	2147483520	正常
20100201	8216	多头	20100202	8246	1	0	150	150	2147483648	正常
20100202	8246	空头	20100203	8330	1	0	-420	-420	2147483264	正常
20100203	8330	多头	20100204	8320	1	0	-50	-50	2147483264	正常
20100204	8320	空头	20100205	8200	1	0	600	600	2147483904	正常
20100205	8200	多头	20100208	8200	1	0	0	0	2147483904	正常
20100208	8200	空头	20100209	8254	1	0	-270	-270	2147483648	正常
20100209	8254	多头	20100210	8398	1	0	720	720	2147484416	正常
20100210	8398	空头	20100211	8550	1	0	-760	-760	2147483648	正常
20100211	8550	多头	20100212	8520	1	0	-150	-150	2147483520	正常
20100212	8520	空头	20100222	8802	1	0	-1410	-1410	2147482112	正常
20100222	8802	多头	20100223	8600	1	0	-1010	-1010	2147481088	正常
20100223	8600	空头	20100224	8660	1	0	-300	-300	2147480832	正常
20100224	8660	多头	20100225	8740	1	0	400	400	2147481216	正常
20100225	8740	空头	20100226	8618	1	0	610	610	2147481856	正常
20100226	8618	多头	20100301	8720	1	0	510	510	2147482368	正常
20100301	8720	空头	20100302	8640	1	0	400	400	2147482752	正常
20100302	8640	多头	20100303	8638	1	0	-10	-10	2147482752	正常
20100303	8638	空头	20100304	8550	1	0	440	440	2147483136	正常
20100304	8550	多头	20100305	8470	1	0	-400	-400	2147482752	正常
20100305	8470	空头	20100308	8570	1	0	-500	-500	2147482240	正常
20100308	8570	多头	20100309	8650	1	0	400	400	2147482624	正常
20100309	8650	空头	20100310	8676	1	0	-130	-130	2147482496	正常
20100310	8676	多头	20100311	8682	1	0	30	30	2147482496	正常
20100311	8682	空头	20100312	8568	1	0	570	570	2147483008	正常
20100312	8568	多头	20100315	8564	1	0	-20	-20	2147483008	正常
20100315	8564	空头	20100316	8300	1	0	1320	1320	2147484416	正常
20100316	8300	多头	20100317	8420	1	0	600	600	2147484928	正常
20100317	8420	空头	20100318	8500	1	0	-400	-400	2147484416	正常
20100318	8500	多头	20100319	8470	1	0	-150	-150	2147484160	正常
20100319	8470	空头	20100322	8382	1	0	440	440	2147484672	正常
20100322	8382	多头	20100323	8478	1	0	480	480	2147485184	正常
20100323	8478	空头	20100324	8410	1	0	340	340	2147485440	正常
20100324	8410	多头	20100325	8450	1	0	200	200	2147485696	正常
20100325	8450	空头	20100326	8450	1	0	0	0	2147485696	正常
20100326	8450	多头	20100329	8610	1	0	800	800	2147486464	正常
20100329	8610	空头	20100330	8670	1	0	-300	-300	2147486208	正常
20100330	8670	多头	20100331	8628	1	0	-210	-210	2147485952	正常
20100331	8628	空头	20100401	8580	1	0	240	240	2147486208	正常
20100401	8580	多头	20100402	8672	1	0	460	460	2147486720	正常
20100402	8672	空头	20100406	8710	1	0	-190	-190	2147486464	正常
20100406	8710	多头	20100407	8748	1	0	190	190	2147486720	正常
20100407	8748	空头	20100408	8664	1	0	420	420	2147487232	正常
20100408	8664	多头	20100409	8660	1	0	-20	-20	2147487232	正常
20100409	8660	空头	20100412	8692	1	0	-160	-160	2147486976	正常
20100412	8692	多头	20100413	8650	1	0	-210	-210	2147486720	正常
20100413	8650	空头	20100414	8656	1	0	-30	-30	2147486720	正常
20100414	8656	多头	20100415	8670	1	0	70	70	2147486720	正常
20100415	8670	空头	20100416	8658	1	0	60	60	2147486720	正常
20100416	8658	多头	20100419	8540	1	0	-590	-590	2147486208	正常
20100419	8540	空头	20100420	8516	1	0	120	120	2147486208	正常
20100420	8516	多头	20100421	8552	1	0	180	180	2147486464	正常
20100421	8552	空头	20100422	8526	1	0	130	130	2147486720	正常
20100422	8526	多头	20100423	8530	1	0	20	20	2147486720	正常
20100423	8530	空头	20100426	8592	1	0	-310	-310	2147486464	正常
20100426	8592	多头	20100427	8532	1	0	-300	-300	2147486208	正常
20100427	8532	空头	20100428	8354	1	0	890	890	2147486976	正常
20100428	8354	多头	20100429	8440	1	0	430	430	2147487488	正常
20100429	8440	空头	20100430	8426	1	0	70	70	2147487488	正常
20100430	8426	多头	20100504	8372	1	0	-270	-270	2147487232	正常
20100504	8372	空头	20100505	8200	1	0	860	860	2147488000	正常
20100505	8200	多头	20100506	8252	1	0	260	260	2147488256	正常
20100506	8252	空头	20100507	8126	1	0	630	630	2147488768	正常
20100507	8126	多头	20100510	8080	1	0	-230	-230	2147488512	正常
20100510	8080	空头	20100511	8080	1	0	0	0	2147488512	正常
20100511	8080	多头	20100512	8030	1	0	-250	-250	2147488256	正常
20100512	8030	空头	20100513	8098	1	0	-340	-340	2147488000	正常
20100513	8098	多头	20100514	8002	1	0	-480	-480	2147487488	正常
20100514	8002	空头	20100517	7710	1	0	1460	1460	2147489024	正常
20100517	7710	多头	20100518	7362	1	0	-1740	-1740	2147487232	正常
20100518	7362	空头	20100519	7520	1	0	-790	-790	2147486464	正常
20100519	7520	多头	20100520	7610	1	0	450	450	2147486976	正常
20100520	7610	空头	20100521	7502	1	0	540	540	2147487488	正常
20100521	7502	多头	20100524	7498	1	0	-20	-20	2147487488	正常
20100524	7498	空头	20100525	7486	1	0	60	60	2147487488	正常
20100525	7486	多头	20100526	7398	1	0	-440	-440	2147486976	正常
20100526	7398	空头	20100527	7406	1	0	-40	-40	2147486976	正常
20100527	7406	多头	20100528	7600	1	0	970	970	2147488000	正常
20100528	7600	空头	20100531	7552	1	0	240	240	2147488256	正常
20100531	7552	多头	20100601	7588	1	0	180	180	2147488512	正常
20100601	7588	空头	20100602	7454	1	0	670	670	2147489280	正常
20100602	7454	多头	20100603	7496	1	0	210	210	2147489536	正常
20100603	7496	空头	20100604	7448	1	0	240	240	2147489792	正常
20100604	7448	多头	20100607	7100	1	0	-1740	-1740	2147488000	正常
20100607	7100	空头	20100608	7090	1	0	50	50	2147488000	正常
20100608	7090	多头	20100609	7114	1	0	120	120	2147488000	正常
20100609	7114	空头	20100610	7218	1	0	-520	-520	2147487488	正常
20100610	7218	多头	20100611	7288	1	0	350	350	2147487744	正常
20100611	7288	空头	20100617	7350	1	0	-310	-310	2147487488	正常
20100617	7350	多头	20100618	7300	1	0	-250	-250	2147487232	正常
20100618	7300	空头	20100621	7360	1	0	-300	-300	2147486976	正常
20100621	7360	多头	20100622	7440	1	0	400	400	2147487488	正常
20100622	7440	空头	20100623	7410	1	0	150	150	2147487744	正常
20100623	7410	多头	20100624	7366	1	0	-220	-220	2147487488	正常
20100624	7366	空头	20100625	7422	1	0	-280	-280	2147487232	正常
20100625	7422	多头	20100628	7468	1	0	230	230	2147487488	正常
20100628	7468	空头	20100629	7402	1	0	330	330	2147487744	正常
20100629	7402	多头	20100630	7244	1	0	-790	-790	2147486976	正常
20100630	7244	空头	20100701	7234	1	0	50	50	2147486976	正常
20100701	7234	多头	20100702	7120	1	0	-570	-570	2147486464	正常
20100702	7120	空头	20100705	7198	1	0	-390	-390	2147485952	正常
20100705	7198	多头	20100706	7152	1	0	-230	-230	2147485696	正常
20100706	7152	空头	20100707	7180	1	0	-140	-140	2147485440	正常
20100707	7180	多头	20100708	7290	1	0	550	550	2147485952	正常
20100708	7290	空头	20100709	7260	1	0	150	150	2147486208	正常
20100709	7260	多头	20100712	7294	1	0	170	170	2147486464	正常
20100712	7294	空头	20100713	7190	1	0	520	520	2147486976	正常
20100713	7190	多头	20100714	7134	1	0	-280	-280	2147486720	正常
20100714	7134	空头	20100715	7120	1	0	70	70	2147486720	正常
20100715	7120	多头	20100716	6976	1	0	-720	-720	2147485952	正常
20100716	6976	空头	20100719	6920	1	0	280	280	2147486208	正常
20100719	6920	多头	20100720	7040	1	0	600	600	2147486720	正常
20100720	7040	空头	20100721	7118	1	0	-390	-390	2147486208	正常
20100721	7118	多头	20100722	7052	1	0	-330	-330	2147485952	正常
20100722	7052	空头	20100723	7182	1	0	-650	-650	2147485184	正常
20100723	7182	多头	20100726	7194	1	0	60	60	2147485184	正常
20100726	7194	空头	20100727	7266	1	0	-360	-360	2147484928	正常
20100727	7266	多头	20100728	7160	1	0	-530	-530	2147484416	正常
20100728	7160	空头	20100729	7224	1	0	-320	-320	2147484160	正常
20100729	7224	多头	20100730	7202	1	0	-110	-110	2147484160	正常
20100730	7202	空头	20100802	7262	1	0	-300	-300	2147483904	正常
20100802	7262	多头	20100803	7394	1	0	660	660	2147484672	正常
20100803	7394	空头	20100804	7338	1	0	280	280	2147484928	正常
20100804	7338	多头	20100805	7360	1	0	110	110	2147484928	正常
20100805	7360	空头	20100806	7266	1	0	470	470	2147485440	正常
20100806	7266	多头	20100809	7246	1	0	-100	-100	2147485440	正常
20100809	7246	空头	20100810	7312	1	0	-330	-330	2147485184	正常
20100810	7312	多头	20100811	7252	1	0	-300	-300	2147484928	正常
20100811	7252	空头	20100812	7238	1	0	70	70	2147484928	正常
20100812	7238	多头	20100813	7228	1	0	-50	-50	2147484928	正常
20100813	7228	空头	20100816	7274	1	0	-230	-230	2147484672	正常
20100816	7274	多头	20100817	7428	1	0	770	770	2147485440	正常
20100817	7428	空头	20100818	7468	1	0	-200	-200	2147485184	正常
20100818	7468	多头	20100819	7430	1	0	-190	-190	2147484928	正常
20100819	7430	空头	20100820	7432	1	0	-10	-10	2147484928	正常
20100820	7432	多头	20100823	7380	1	0	-260	-260	2147484672	正常
20100823	7380	空头	20100824	7212	1	0	840	840	2147485440	正常
20100824	7212	多头	20100825	7172	1	0	-200	-200	2147485184	正常
20100825	7172	空头	20100826	7358	1	0	-930	-930	2147484160	正常
20100826	7358	多头	20100827	7346	1	0	-60	-60	2147484160	正常
20100827	7346	空头	20100830	7346	1	0	0	0	2147484160	正常
20100830	7346	多头	20100831	7312	1	0	-170	-170	2147483904	正常
20100831	7312	空头	20100901	7348	1	0	-180	-180	2147483648	正常
20100901	7348	多头	20100902	7392	1	0	220	220	2147483904	正常
20100902	7392	空头	20100903	7368	1	0	120	120	2147483904	正常
20100903	7368	多头	20100906	7378	1	0	50	50	2147483904	正常
20100906	7378	空头	20100907	7408	1	0	-150	-150	2147483648	正常
20100907	7408	多头	20100908	7468	1	0	300	300	2147483904	正常
20100908	7468	空头	20100909	7402	1	0	330	330	2147484160	正常
20100909	7402	多头	20100910	7500	1	0	490	490	2147484672	正常
20100910	7500	空头	20100913	7440	1	0	300	300	2147484928	正常
20100913	7440	多头	20100914	7416	1	0	-120	-120	2147484928	正常
20100914	7416	空头	20100915	8414	1	0	-4990	-4990	2147479936	正常
20100915	8414	多头	20100916	8478	1	0	320	320	2147480320	正常
20100916	8478	空头	20100917	8398	1	0	400	400	2147480704	正常
20100917	8398	多头	20100920	8412	1	0	70	70	2147480832	正常
20100920	8412	空头	20100921	8428	1	0	-80	-80	2147480704	正常
20100921	8428	多头	20100927	8598	1	0	850	850	2147481600	正常
20100927	8598	空头	20100928	8612	1	0	-70	-70	2147481472	正常
20100928	8612	多头	20100929	8582	1	0	-150	-150	2147481344	正常
20100929	8582	空头	20100930	8556	1	0	130	130	2147481472	正常
20100930	8556	多头	20101008	8676	1	0	600	600	2147482112	正常
20101008	8676	空头	20101011	8814	1	0	-690	-690	2147481472	正常
20101011	8814	多头	20101012	8704	1	0	-550	-550	2147480960	正常
20101012	8704	空头	20101013	8958	1	0	-1270	-1270	2147479680	正常
20101013	8958	多头	20101014	9000	1	0	210	210	2147479936	正常
20101014	9000	空头	20101015	9018	1	0	-90	-90	2147479808	正常
20101015	9018	多头	20101018	8980	1	0	-190	-190	2147479680	正常
20101018	8980	空头	20101019	9032	1	0	-260	-260	2147479424	正常
20101019	9032	多头	20101020	8860	1	0	-860	-860	2147478528	正常
20101020	8860	空头	20101021	8980	1	0	-600	-600	2147477888	正常
20101021	8980	多头	20101022	8920	1	0	-300	-300	2147477632	正常
20101022	8920	空头	20101025	9032	1	0	-560	-560	2147477120	正常
20101025	9032	多头	20101026	9170	1	0	690	690	2147477760	正常
20101026	9170	空头	20101027	9298	1	0	-640	-640	2147477120	正常
20101027	9298	多头	20101028	9230	1	0	-340	-340	2147476736	正常
20101028	9230	空头	20101029	9200	1	0	150	150	2147476864	正常
20101029	9200	多头	20101101	9224	1	0	120	120	2147476992	正常
20101101	9224	空头	20101102	9440	1	0	-1080	-1080	2147475968	正常
20101102	9440	多头	20101103	9396	1	0	-220	-220	2147475712	正常
20101103	9396	空头	20101104	9446	1	0	-250	-250	2147475456	正常
20101104	9446	多头	20101105	10000	1	0	2770	2770	2147478272	正常
20101105	10000	空头	20101108	10730	1	0	-3650	-3650	2147474560	正常
20101108	10730	多头	20101110	11268	1	0	2690	2690	2147477248	正常
20101110	11268	空头	20101111	12000	1	0	-3660	-3660	2147473536	正常
20101111	12000	多头	20101112	10966	1	0	-5170	-5170	2147468416	正常
20101112	10966	空头	20101115	9986	1	0	4900	4900	2147473280	正常
20101115	9986	多头	20101116	10200	1	0	1070	1070	2147474304	正常
20101116	10200	空头	20101117	9898	1	0	1510	1510	2147475840	正常
20101117	9898	多头	20101118	10042	1	0	720	720	2147476608	正常
20101118	10042	空头	20101119	10320	1	0	-1390	-1390	2147475200	正常
20101119	10320	多头	20101122	9962	1	0	-1790	-1790	2147473408	正常
20101122	9962	空头	20101123	10070	1	0	-540	-540	2147472896	正常
20101123	10070	多头	20101124	9850	1	0	-1100	-1100	2147471744	正常
20101124	9850	空头	20101125	9998	1	0	-740	-740	2147470976	正常
20101125	9998	多头	20101126	9838	1	0	-800	-800	2147470208	正常
20101126	9838	空头	20101129	9510	1	0	1640	1640	2147471872	正常
20101129	9510	多头	20101130	9574	1	0	320	320	2147472128	正常
20101130	9574	空头	20101201	9432	1	0	710	710	2147472896	正常
20101201	9432	多头	20101202	9610	1	0	890	890	2147473792	正常
20101202	9610	空头	20101203	9652	1	0	-210	-210	2147473536	正常
20101203	9652	多头	20101206	9868	1	0	1080	1080	2147474560	正常
20101206	9868	空头	20101207	9800	1	0	340	340	2147474944	正常
20101207	9800	多头	20101208	9650	1	0	-750	-750	2147474176	正常
20101208	9650	空头	20101209	9740	1	0	-450	-450	2147473664	正常
20101209	9740	多头	20101210	9682	1	0	-290	-290	2147473408	正常
20101210	9682	空头	20101213	9750	1	0	-340	-340	2147473024	正常
20101213	9750	多头	20101214	10088	1	0	1690	1690	2147474688	正常
20101214	10088	空头	20101215	10100	1	0	-60	-60	2147474688	正常
20101215	10100	多头	20101216	9912	1	0	-940	-940	2147473792	正常
20101216	9912	空头	20101217	9948	1	0	-180	-180	2147473664	正常
20101217	9948	多头	20101220	10126	1	0	890	890	2147474560	正常
20101220	10126	空头	20101221	10122	1	0	20	20	2147474560	正常
20101221	10122	多头	20101222	10300	1	0	890	890	2147475456	正常
20101222	10300	空头	20101223	10180	1	0	600	600	2147476096	正常
20101223	10180	多头	20101224	10260	1	0	400	400	2147476480	正常
20101224	10260	空头	20101227	10470	1	0	-1050	-1050	2147475456	正常
20101227	10470	多头	20101228	10648	1	0	890	890	2147476352	正常
20101228	10648	空头	20101229	10476	1	0	860	860	2147477248	正常
20101229	10476	多头	20101230	10406	1	0	-350	-350	2147476864	正常
20101230	10406	空头	20101231	10492	1	0	-430	-430	2147476480	正常
20101231	10492	多头	20110104	10598	1	0	530	530	2147476992	正常
20110104	10598	空头	20110105	10752	1	0	-770	-770	2147476224	正常
20110105	10752	多头	20110106	10904	1	0	760	760	2147476992	正常
20110106	10904	空头	20110107	10860	1	0	220	220	2147477248	正常
20110107	10860	多头	20110110	10700	1	0	-800	-800	2147476480	正常
20110110	10700	空头	20110111	10680	1	0	100	100	2147476608	正常
20110111	10680	多头	20110112	10800	1	0	600	600	2147477248	正常
20110112	10800	空头	20110113	10920	1	0	-600	-600	2147476608	正常
20110113	10920	多头	20110114	10952	1	0	160	160	2147476736	正常
20110114	10952	空头	20110117	11080	1	0	-640	-640	2147476096	正常
20110117	11080	多头	20110118	10994	1	0	-430	-430	2147475712	正常
20110118	10994	空头	20110119	11200	1	0	-1030	-1030	2147474688	正常
20110119	11200	多头	20110120	11174	1	0	-130	-130	2147474560	正常
20110120	11174	空头	20110121	10950	1	0	1120	1120	2147475712	正常
20110121	10950	多头	20110124	11210	1	0	1300	1300	2147476992	正常
20110124	11210	空头	20110125	11800	1	0	-2950	-2950	2147474048	正常
20110125	11800	多头	20110126	11466	1	0	-1670	-1670	2147472384	正常
20110126	11466	空头	20110127	11800	1	0	-1670	-1670	2147470720	正常
20110127	11800	多头	20110128	11560	1	0	-1200	-1200	2147469568	正常
20110128	11560	空头	20110131	11734	1	0	-870	-870	2147468672	正常
20110131	11734	多头	20110201	12148	1	0	2070	2070	2147470720	正常
20110201	12148	空头	20110209	12202	1	0	-270	-270	2147470464	正常
20110209	12202	多头	20110210	12186	1	0	-80	-80	2147470336	正常
20110210	12186	空头	20110211	12386	1	0	-1000	-1000	2147469312	正常
20110211	12386	多头	20110214	12290	1	0	-480	-480	2147468800	正常
20110214	12290	空头	20110215	12020	1	0	1350	1350	2147470208	正常
20110215	12020	多头	20110216	12260	1	0	1200	1200	2147471360	正常
20110216	12260	空头	20110217	12400	1	0	-700	-700	2147470720	正常
20110217	12400	多头	20110218	12270	1	0	-650	-650	2147470080	正常
20110218	12270	空头	20110221	12030	1	0	1200	1200	2147471232	正常
20110221	12030	多头	20110222	12100	1	0	350	350	2147471616	正常
20110222	12100	空头	20110223	11820	1	0	1400	1400	2147473024	正常
20110223	11820	多头	20110224	11920	1	0	500	500	2147473536	正常
20110224	11920	空头	20110225	11634	1	0	1430	1430	2147474944	正常
20110225	11634	多头	20110228	11708	1	0	370	370	2147475328	正常
20110228	11708	空头	20110301	11956	1	0	-1240	-1240	2147474048	正常
20110301	11956	多头	20110302	11980	1	0	120	120	2147474176	正常
20110302	11980	空头	20110303	12114	1	0	-670	-670	2147473536	正常
20110303	12114	多头	20110304	12010	1	0	-520	-520	2147473024	正常
20110304	12010	空头	20110307	12000	1	0	50	50	2147473024	正常
20110307	12000	多头	20110308	11880	1	0	-600	-600	2147472384	正常
20110308	11880	空头	20110309	11642	1	0	1190	1190	2147473536	正常
20110309	11642	多头	20110310	11402	1	0	-1200	-1200	2147472384	正常
20110310	11402	空头	20110311	11136	1	0	1330	1330	2147473664	正常
20110311	11136	多头	20110314	11056	1	0	-400	-400	2147473280	正常
20110314	11056	空头	20110315	11100	1	0	-220	-220	2147473024	正常
20110315	11100	多头	20110316	10890	1	0	-1050	-1050	2147472000	正常
20110316	10890	空头	20110317	10920	1	0	-150	-150	2147471872	正常
20110317	10920	多头	20110318	11500	1	0	2900	2900	2147474816	正常
20110318	11500	空头	20110321	11600	1	0	-500	-500	2147474304	正常
20110321	11600	多头	20110322	11504	1	0	-480	-480	2147473792	正常
20110322	11504	空头	20110323	11550	1	0	-230	-230	2147473536	正常
20110323	11550	多头	20110324	11570	1	0	100	100	2147473664	正常
20110324	11570	空头	20110325	11634	1	0	-320	-320	2147473408	正常
20110325	11634	多头	20110328	11496	1	0	-690	-690	2147472768	正常
20110328	11496	空头	20110329	11030	1	0	2330	2330	2147475072	正常
20110329	11030	多头	20110330	11142	1	0	560	560	2147475584	正常
20110330	11142	空头	20110331	11058	1	0	420	420	2147475968	正常
20110331	11058	多头	20110401	10960	1	0	-490	-490	2147475456	正常
20110401	10960	空头	20110406	10580	1	0	1900	1900	2147477376	正常
20110406	10580	多头	20110407	10650	1	0	350	350	2147477760	正常
20110407	10650	空头	20110408	10650	1	0	0	0	2147477760	正常
20110408	10650	多头	20110411	10904	1	0	1270	1270	2147479040	正常
20110411	10904	空头	20110412	10880	1	0	120	120	2147479168	正常
20110412	10880	多头	20110413	10610	1	0	-1350	-1350	2147477760	正常
20110413	10610	空头	20110414	10638	1	0	-140	-140	2147477632	正常
20110414	10638	多头	20110415	10640	1	0	10	10	2147477632	正常
20110415	10640	空头	20110418	10578	1	0	310	310	2147477888	正常
20110418	10578	多头	20110419	10400	1	0	-890	-890	2147476992	正常
20110419	10400	空头	20110420	10322	1	0	390	390	2147477376	正常
20110420	10322	多头	20110421	10398	1	0	380	380	2147477760	正常
20110421	10398	空头	20110422	10500	1	0	-510	-510	2147477248	正常
20110422	10500	多头	20110425	10494	1	0	-30	-30	2147477248	正常
20110425	10494	空头	20110426	10170	1	0	1620	1620	2147478912	正常
20110426	10170	多头	20110427	10206	1	0	180	180	2147479040	正常
20110427	10206	空头	20110428	10110	1	0	480	480	2147479552	正常
20110428	10110	多头	20110429	10250	1	0	700	700	2147480192	正常
20110429	10250	空头	20110503	10230	1	0	100	100	2147480320	正常
20110503	10230	多头	20110504	10296	1	0	330	330	2147480704	正常
20110504	10296	空头	20110505	10050	1	0	1230	1230	2147481984	正常
20110505	10050	多头	20110506	9446	1	0	-3020	-3020	2147478912	正常
20110506	9446	空头	20110509	9608	1	0	-810	-810	2147478144	正常
20110509	9608	多头	20110510	9656	1	0	240	240	2147478400	正常
20110510	9656	空头	20110511	9700	1	0	-220	-220	2147478144	正常
20110511	9700	多头	20110512	9498	1	0	-1010	-1010	2147477120	正常
20110512	9498	空头	20110513	9360	1	0	690	690	2147477760	正常
20110513	9360	多头	20110516	9456	1	0	480	480	2147478272	正常
20110516	9456	空头	20110517	9400	1	0	280	280	2147478528	正常
20110517	9400	多头	20110518	9570	1	0	850	850	2147479424	正常
20110518	9570	空头	20110519	9648	1	0	-390	-390	2147479040	正常
20110519	9648	多头	20110520	9600	1	0	-240	-240	2147478784	正常
20110520	9600	空头	20110523	9630	1	0	-150	-150	2147478656	正常
20110523	9630	多头	20110524	9520	1	0	-550	-550	2147478144	正常
20110524	9520	空头	20110525	9500	1	0	100	100	2147478272	正常
20110525	9500	多头	20110526	9578	1	0	390	390	2147478656	正常
20110526	9578	空头	20110527	9646	1	0	-340	-340	2147478272	正常
20110527	9646	多头	20110530	9750	1	0	520	520	2147478784	正常
20110530	9750	空头	20110531	9692	1	0	290	290	2147479040	正常
20110531	9692	多头	20110601	9810	1	0	590	590	2147479680	正常
20110601	9810	空头	20110602	9650	1	0	800	800	2147480448	正常
20110602	9650	多头	20110603	9660	1	0	50	50	2147480448	正常
20110603	9660	空头	20110607	9650	1	0	50	50	2147480448	正常
20110607	9650	多头	20110608	9590	1	0	-300	-300	2147480192	正常
20110608	9590	空头	20110609	9590	1	0	0	0	2147480192	正常
20110609	9590	多头	20110610	9530	1	0	-300	-300	2147479936	正常
20110610	9530	空头	20110613	9400	1	0	650	650	2147480576	正常
20110613	9400	多头	20110614	9322	1	0	-390	-390	2147480192	正常
20110614	9322	空头	20110615	9414	1	0	-460	-460	2147479680	正常
20110615	9414	多头	20110616	9364	1	0	-250	-250	2147479424	正常
20110616	9364	空头	20110617	9360	1	0	20	20	2147479424	正常
20110617	9360	多头	20110620	9258	1	0	-510	-510	2147478912	正常
20110620	9258	空头	20110621	9320	1	0	-310	-310	2147478656	正常
20110621	9320	多头	20110622	9294	1	0	-130	-130	2147478528	正常
20110622	9294	空头	20110623	9160	1	0	670	670	2147479168	正常
20110623	9160	多头	20110624	9018	1	0	-710	-710	2147478400	正常
20110624	9018	空头	20110627	8988	1	0	150	150	2147478528	正常
20110627	8988	多头	20110628	8824	1	0	-820	-820	2147477760	正常
20110628	8824	空头	20110629	8822	1	0	10	10	2147477760	正常
20110629	8822	多头	20110630	8860	1	0	190	190	2147477888	正常
20110630	8860	空头	20110701	8854	1	0	30	30	2147477888	正常
20110701	8854	多头	20110704	8818	1	0	-180	-180	2147477760	正常
20110704	8818	空头	20110705	8926	1	0	-540	-540	2147477248	正常
20110705	8926	多头	20110706	8958	1	0	160	160	2147477376	正常
20110706	8958	空头	20110707	8964	1	0	-30	-30	2147477376	正常
20110707	8964	多头	20110708	9066	1	0	510	510	2147477888	正常
20110708	9066	空头	20110711	8960	1	0	530	530	2147478400	正常
20110711	8960	多头	20110712	8840	1	0	-600	-600	2147477760	正常
20110712	8840	空头	20110713	8840	1	0	0	0	2147477760	正常
20110713	8840	多头	20110714	9186	1	0	1730	1730	2147479552	正常
20110714	9186	空头	20110715	9168	1	0	90	90	2147479680	正常
20110715	9168	多头	20110718	9240	1	0	360	360	2147480064	正常
20110718	9240	空头	20110719	9160	1	0	400	400	2147480448	正常
20110719	9160	多头	20110720	9260	1	0	500	500	2147480960	正常
20110720	9260	空头	20110721	9332	1	0	-360	-360	2147480576	正常
20110721	9332	多头	20110722	9358	1	0	130	130	2147480704	正常
20110722	9358	空头	20110725	9370	1	0	-60	-60	2147480704	正常
20110725	9370	多头	20110726	9354	1	0	-80	-80	2147480576	正常
20110726	9354	空头	20110727	9408	1	0	-270	-270	2147480320	正常
20110727	9408	多头	20110728	9340	1	0	-340	-340	2147479936	正常
20110728	9340	空头	20110729	9286	1	0	270	270	2147480192	正常
20110729	9286	多头	20110801	9440	1	0	770	770	2147480960	正常
20110801	9440	空头	20110802	9500	1	0	-300	-300	2147480704	正常
20110802	9500	多头	20110803	9600	1	0	500	500	2147481216	正常
20110803	9600	空头	20110804	9574	1	0	130	130	2147481344	正常
20110804	9574	多头	20110805	9450	1	0	-620	-620	2147480704	正常
20110805	9450	空头	20110808	9328	1	0	610	610	2147481344	正常
20110808	9328	多头	20110809	9200	1	0	-640	-640	2147480704	正常
20110809	9200	空头	20110810	9324	1	0	-620	-620	2147480064	正常
20110810	9324	多头	20110811	9476	1	0	760	760	2147480832	正常
20110811	9476	空头	20110812	9726	1	0	-1250	-1250	2147479552	正常
20110812	9726	多头	20110815	9898	1	0	860	860	2147480448	正常
20110815	9898	空头	20110816	9806	1	0	460	460	2147480960	正常
20110816	9806	多头	20110817	9756	1	0	-250	-250	2147480704	正常
20110817	9756	空头	20110818	10094	1	0	-1690	-1690	2147479040	正常
20110818	10094	多头	20110819	9802	1	0	-1460	-1460	2147477632	正常
20110819	9802	空头	20110822	10134	1	0	-1660	-1660	2147475968	正常
20110822	10134	多头	20110823	10150	1	0	80	80	2147476096	正常
20110823	10150	空头	20110824	10072	1	0	390	390	2147476480	正常
20110824	10072	多头	20110825	10168	1	0	480	480	2147476992	正常
20110825	10168	空头	20110826	10080	1	0	440	440	2147477376	正常
20110826	10080	多头	20110829	10050	1	0	-150	-150	2147477248	正常
20110829	10050	空头	20110830	10180	1	0	-650	-650	2147476608	正常
20110830	10180	多头	20110831	10240	1	0	300	300	2147476864	正常
20110831	10240	空头	20110901	10216	1	0	120	120	2147476992	正常
20110901	10216	多头	20110902	10152	1	0	-320	-320	2147476736	正常
20110902	10152	空头	20110905	10400	1	0	-1240	-1240	2147475456	正常
20110905	10400	多头	20110906	10488	1	0	440	440	2147475840	正常
20110906	10488	空头	20110907	10518	1	0	-150	-150	2147475712	正常
20110907	10518	多头	20110908	10580	1	0	310	310	2147475968	正常
20110908	10580	空头	20110909	10592	1	0	-60	-60	2147475968	正常
20110909	10592	多头	20110913	10598	1	0	30	30	2147475968	正常
20110913	10598	空头	20110914	10650	1	0	-260	-260	2147475712	正常
20110914	10650	多头	20110915	10650	1	0	0	0	2147475712	正常
20110915	10650	空头	20110916	10256	1	0	1970	1970	2147477632	正常
20110916	10256	多头	20110919	9700	1	0	-2780	-2780	2147474816	正常
20110919	9700	空头	20110920	9612	1	0	440	440	2147475200	正常
20110920	9612	多头	20110921	9582	1	0	-150	-150	2147475072	正常
20110921	9582	空头	20110922	9520	1	0	310	310	2147475328	正常
20110922	9520	多头	20110923	9162	1	0	-1790	-1790	2147473536	正常
20110923	9162	空头	20110926	9120	1	0	210	210	2147473792	正常
20110926	9120	多头	20110927	8820	1	0	-1500	-1500	2147472256	正常
20110927	8820	空头	20110928	8820	1	0	0	0	2147472256	正常
20110928	8820	多头	20110929	8520	1	0	-1500	-1500	2147470720	正常
20110929	8520	空头	20110930	8432	1	0	440	440	2147471104	正常
20110930	8432	多头	20111010	8664	1	0	1160	1160	2147472256	正常
20111010	8664	空头	20111011	8800	1	0	-680	-680	2147471616	正常
20111011	8800	多头	20111012	8650	1	0	-750	-750	2147470848	正常
20111012	8650	空头	20111013	8714	1	0	-320	-320	2147470592	正常
20111013	8714	多头	20111014	8634	1	0	-400	-400	2147470208	正常
20111014	8634	空头	20111017	8792	1	0	-790	-790	2147469440	正常
20111017	8792	多头	20111018	8620	1	0	-860	-860	2147468544	正常
20111018	8620	空头	20111019	8410	1	0	1050	1050	2147469568	正常
20111019	8410	多头	20111020	8220	1	0	-950	-950	2147468672	正常
20111020	8220	空头	20111021	7966	1	0	1270	1270	2147469952	正常
20111021	7966	多头	20111024	8110	1	0	720	720	2147470720	正常
20111024	8110	空头	20111025	8510	1	0	-2000	-2000	2147468672	正常
20111025	8510	多头	20111026	8460	1	0	-250	-250	2147468416	正常
20111026	8460	空头	20111027	8758	1	0	-1490	-1490	2147466880	正常
20111027	8758	多头	20111028	8910	1	0	760	760	2147467648	正常
20111028	8910	空头	20111031	8810	1	0	500	500	2147468160	正常
20111031	8810	多头	20111101	8500	1	0	-1550	-1550	2147466624	正常
20111101	8500	空头	20111102	8320	1	0	900	900	2147467520	正常
20111102	8320	多头	20111103	8390	1	0	350	350	2147467904	正常
20111103	8390	空头	20111104	8410	1	0	-100	-100	2147467776	正常
20111104	8410	多头	20111107	8420	1	0	50	50	2147467776	正常
20111107	8420	空头	20111108	8238	1	0	910	910	2147468672	正常
20111108	8238	多头	20111109	8302	1	0	320	320	2147469056	正常
20111109	8302	空头	20111110	8210	1	0	460	460	2147469568	正常
20111110	8210	多头	20111111	8074	1	0	-680	-680	2147468928	正常
20111111	8074	空头	20111114	8142	1	0	-340	-340	2147468544	正常
20111114	8142	多头	20111115	8220	1	0	390	390	2147468928	正常
20111115	8220	空头	20111116	8210	1	0	50	50	2147468928	正常
20111116	8210	多头	20111117	8100	1	0	-550	-550	2147468416	正常
20111117	8100	空头	20111118	7994	1	0	530	530	2147468928	正常
20111118	7994	多头	20111121	8050	1	0	280	280	2147469184	正常
20111121	8050	空头	20111122	7962	1	0	440	440	2147469568	正常
20111122	7962	多头	20111123	8150	1	0	940	940	2147470464	正常
20111123	8150	空头	20111124	8088	1	0	310	310	2147470720	正常
20111124	8088	多头	20111125	7910	1	0	-890	-890	2147469824	正常
20111125	7910	空头	20111128	7942	1	0	-160	-160	2147469696	正常
20111128	7942	多头	20111129	8000	1	0	290	290	2147469952	正常
20111129	8000	空头	20111130	8080	1	0	-400	-400	2147469568	正常
20111130	8080	多头	20111201	8310	1	0	1150	1150	2147470720	正常
20111201	8310	空头	20111202	8254	1	0	280	280	2147470976	正常
20111202	8254	多头	20111205	8316	1	0	310	310	2147471232	正常
20111205	8316	空头	20111206	8366	1	0	-250	-250	2147470976	正常
20111206	8366	多头	20111207	8406	1	0	200	200	2147471232	正常
20111207	8406	空头	20111208	8376	1	0	150	150	2147471360	正常
20111208	8376	多头	20111209	8312	1	0	-320	-320	2147471104	正常
20111209	8312	空头	20111212	8380	1	0	-340	-340	2147470720	正常
20111212	8380	多头	20111213	8266	1	0	-570	-570	2147470208	正常
20111213	8266	空头	20111214	8202	1	0	320	320	2147470592	正常
20111214	8202	多头	20111215	8000	1	0	-1010	-1010	2147469568	正常
20111215	8000	空头	20111216	8106	1	0	-530	-530	2147469056	正常
20111216	8106	多头	20111219	8170	1	0	320	320	2147469312	正常
20111219	8170	空头	20111220	8138	1	0	160	160	2147469440	正常
20111220	8138	多头	20111221	8230	1	0	460	460	2147469952	正常
20111221	8230	空头	20111222	8240	1	0	-50	-50	2147469952	正常
20111222	8240	多头	20111223	8238	1	0	-10	-10	2147469952	正常
20111223	8238	空头	20111226	8264	1	0	-130	-130	2147469824	正常
20111226	8264	多头	20111227	8192	1	0	-360	-360	2147469440	正常
20111227	8192	空头	20111228	8218	1	0	-130	-130	2147469312	正常
20111228	8218	多头	20111229	8188	1	0	-150	-150	2147469184	正常
20111229	8188	空头	20111230	8262	1	0	-370	-370	2147468800	正常
20111230	8262	多头	20120104	8440	1	0	890	890	2147469696	正常
20120104	8440	空头	20120105	8410	1	0	150	150	2147469824	正常
20120105	8410	多头	20120106	8456	1	0	230	230	2147470080	正常
20120106	8456	空头	20120109	8546	1	0	-450	-450	2147469568	正常
20120109	8546	多头	20120110	8590	1	0	220	220	2147469824	正常
20120110	8590	空头	20120111	8570	1	0	100	100	2147469952	正常
20120111	8570	多头	20120112	8536	1	0	-170	-170	2147469824	正常
20120112	8536	空头	20120113	8454	1	0	410	410	2147470208	正常
20120113	8454	多头	20120116	8484	1	0	150	150	2147470336	正常
20120116	8484	空头	20120117	8600	1	0	-580	-580	2147469696	正常
20120117	8600	多头	20120118	8746	1	0	730	730	2147470464	正常
20120118	8746	空头	20120119	8770	1	0	-120	-120	2147470336	正常
20120119	8770	多头	20120120	8780	1	0	50	50	2147470336	正常
20120120	8780	空头	20120130	8900	1	0	-600	-600	2147469696	正常
20120130	8900	多头	20120131	8980	1	0	400	400	2147470080	正常
20120131	8980	空头	20120201	9028	1	0	-240	-240	2147469824	正常
20120201	9028	多头	20120202	8994	1	0	-170	-170	2147469696	正常
20120202	8994	空头	20120203	8890	1	0	520	520	2147470208	正常
20120203	8890	多头	20120206	8988	1	0	490	490	2147470720	正常
20120206	8988	空头	20120207	9058	1	0	-350	-350	2147470336	正常
20120207	9058	多头	20120208	9032	1	0	-130	-130	2147470208	正常
20120208	9032	空头	20120209	9086	1	0	-270	-270	2147469952	正常
20120209	9086	多头	20120210	9080	1	0	-30	-30	2147469952	正常
20120210	9080	空头	20120213	9030	1	0	250	250	2147470208	正常
20120213	9030	多头	20120214	9014	1	0	-80	-80	2147470080	正常
20120214	9014	空头	20120215	9008	1	0	30	30	2147470080	正常
20120215	9008	多头	20120216	8894	1	0	-570	-570	2147469568	正常
20120216	8894	空头	20120217	8782	1	0	560	560	2147470080	正常
20120217	8782	多头	20120220	8890	1	0	540	540	2147470592	正常
20120220	8890	空头	20120221	8830	1	0	300	300	2147470848	正常
20120221	8830	多头	20120222	8918	1	0	440	440	2147471232	正常
20120222	8918	空头	20120223	8878	1	0	200	200	2147471488	正常
20120223	8878	多头	20120224	8882	1	0	20	20	2147471488	正常
20120224	8882	空头	20120227	8928	1	0	-230	-230	2147471232	正常
20120227	8928	多头	20120228	8980	1	0	260	260	2147471488	正常
20120228	8980	空头	20120229	9042	1	0	-310	-310	2147471232	正常
20120229	9042	多头	20120301	9018	1	0	-120	-120	2147471104	正常
20120301	9018	空头	20120302	9080	1	0	-310	-310	2147470848	正常
20120302	9080	多头	20120305	9172	1	0	460	460	2147471360	正常
20120305	9172	空头	20120306	9172	1	0	0	0	2147471360	正常
20120306	9172	多头	20120307	8910	1	0	-1310	-1310	2147470080	正常
20120307	8910	空头	20120308	8978	1	0	-340	-340	2147469696	正常
20120308	8978	多头	20120309	9002	1	0	120	120	2147469824	正常
20120309	9002	空头	20120312	9030	1	0	-140	-140	2147469696	正常
20120312	9030	多头	20120313	8884	1	0	-730	-730	2147468928	正常
20120313	8884	空头	20120314	8956	1	0	-360	-360	2147468544	正常
20120314	8956	多头	20120315	8892	1	0	-320	-320	2147468288	正常
20120315	8892	空头	20120316	8854	1	0	190	190	2147468416	正常
20120316	8854	多头	20120319	8748	1	0	-530	-530	2147467904	正常
20120319	8748	空头	20120320	8650	1	0	490	490	2147468416	正常
20120320	8650	多头	20120321	8620	1	0	-150	-150	2147468288	正常
20120321	8620	空头	20120322	8678	1	0	-290	-290	2147468032	正常
20120322	8678	多头	20120323	8674	1	0	-20	-20	2147468032	正常
20120323	8674	空头	20120326	8736	1	0	-310	-310	2147467776	正常
20120326	8736	多头	20120327	8746	1	0	50	50	2147467776	正常
20120327	8746	空头	20120328	8762	1	0	-80	-80	2147467648	正常
20120328	8762	多头	20120329	8752	1	0	-50	-50	2147467648	正常
20120329	8752	空头	20120330	8680	1	0	360	360	2147468032	正常
20120330	8680	多头	20120405	8550	1	0	-650	-650	2147467392	正常
20120405	8550	空头	20120406	8638	1	0	-440	-440	2147467008	正常
20120406	8638	多头	20120409	8614	1	0	-120	-120	2147466880	正常
20120409	8614	空头	20120410	8576	1	0	190	190	2147467008	正常
20120410	8576	多头	20120411	8536	1	0	-200	-200	2147466752	正常
20120411	8536	空头	20120412	8564	1	0	-140	-140	2147466624	正常
20120412	8564	多头	20120413	8636	1	0	360	360	2147467008	正常
20120413	8636	空头	20120416	8550	1	0	430	430	2147467392	正常
20120416	8550	多头	20120417	8684	1	0	670	670	2147468032	正常
20120417	8684	空头	20120418	8710	1	0	-130	-130	2147467904	正常
20120418	8710	多头	20120419	8678	1	0	-160	-160	2147467776	正常
20120419	8678	空头	20120420	8692	1	0	-70	-70	2147467648	正常
20120420	8692	多头	20120423	8688	1	0	-20	-20	2147467648	正常
20120423	8688	空头	20120424	8550	1	0	690	690	2147468288	正常
20120424	8550	多头	20120425	8564	1	0	70	70	2147468416	正常
20120425	8564	空头	20120426	8540	1	0	120	120	2147468544	正常
20120426	8540	多头	20120427	8580	1	0	200	200	2147468800	正常
20120427	8580	空头	20120502	8594	1	0	-70	-70	2147468672	正常
20120502	8594	多头	20120503	8588	1	0	-30	-30	2147468672	正常
20120503	8588	空头	20120504	8588	1	0	0	0	2147468672	正常
20120504	8588	多头	20120507	8550	1	0	-190	-190	2147468544	正常
20120507	8550	空头	20120508	8492	1	0	290	290	2147468800	正常
20120508	8492	多头	20120509	8448	1	0	-220	-220	2147468544	正常
20120509	8448	空头	20120510	8448	1	0	0	0	2147468544	正常
20120510	8448	多头	20120511	8436	1	0	-60	-60	2147468544	正常
20120511	8436	空头	20120514	8330	1	0	530	530	2147469056	正常
20120514	8330	多头	20120515	8178	1	0	-760	-760	2147468288	正常
20120515	8178	空头	20120516	8130	1	0	240	240	2147468544	正常
20120516	8130	多头	20120517	8150	1	0	100	100	2147468672	正常
20120517	8150	空头	20120518	8200	1	0	-250	-250	2147468416	正常
20120518	8200	多头	20120521	8208	1	0	40	40	2147468416	正常
20120521	8208	空头	20120522	8220	1	0	-60	-60	2147468416	正常
20120522	8220	多头	20120523	8084	1	0	-680	-680	2147467776	正常
20120523	8084	空头	20120524	7988	1	0	480	480	2147468288	正常
20120524	7988	多头	20120525	8020	1	0	160	160	2147468416	正常
20120525	8020	空头	20120528	7998	1	0	110	110	2147468544	正常
20120528	7998	多头	20120529	7914	1	0	-420	-420	2147468160	正常
20120529	7914	空头	20120530	7980	1	0	-330	-330	2147467776	正常
20120530	7980	多头	20120531	7850	1	0	-650	-650	2147467136	正常
20120531	7850	空头	20120601	7736	1	0	570	570	2147467648	正常
20120601	7736	多头	20120604	7472	1	0	-1320	-1320	2147466368	正常
20120604	7472	空头	20120605	7206	1	0	1330	1330	2147467648	正常
20120605	7206	多头	20120606	7256	1	0	250	250	2147467904	正常
20120606	7256	空头	20120607	7328	1	0	-360	-360	2147467520	正常
20120607	7328	多头	20120608	7242	1	0	-430	-430	2147467136	正常
20120608	7242	空头	20120611	7148	1	0	470	470	2147467648	正常
20120611	7148	多头	20120612	7028	1	0	-600	-600	2147467008	正常
20120612	7028	空头	20120613	7030	1	0	-10	-10	2147467008	正常
20120613	7030	多头	20120614	7008	1	0	-110	-110	2147466880	正常
20120614	7008	空头	20120615	7106	1	0	-490	-490	2147466368	正常
20120615	7106	多头	20120618	7332	1	0	1130	1130	2147467520	正常
20120618	7332	空头	20120619	7270	1	0	310	310	2147467776	正常
20120619	7270	多头	20120620	7334	1	0	320	320	2147468032	正常
20120620	7334	空头	20120621	7150	1	0	920	920	2147468928	正常
20120621	7150	多头	20120625	7032	1	0	-590	-590	2147468288	正常
20120625	7032	空头	20120626	7102	1	0	-350	-350	2147467904	正常
20120626	7102	多头	20120627	7110	1	0	40	40	2147467904	正常
20120627	7110	空头	20120628	7150	1	0	-200	-200	2147467648	正常
20120628	7150	多头	20120629	7200	1	0	250	250	2147467904	正常
20120629	7200	空头	20120702	7538	1	0	-1690	-1690	2147466240	正常
20120702	7538	多头	20120703	7420	1	0	-590	-590	2147465600	正常
20120703	7420	空头	20120704	7630	1	0	-1050	-1050	2147464576	正常
20120704	7630	多头	20120705	7626	1	0	-20	-20	2147464576	正常
20120705	7626	空头	20120706	7682	1	0	-280	-280	2147464320	正常
20120706	7682	多头	20120709	7562	1	0	-600	-600	2147463680	正常
20120709	7562	空头	20120710	7572	1	0	-50	-50	2147463680	正常
20120710	7572	多头	20120711	7440	1	0	-660	-660	2147463040	正常
20120711	7440	空头	20120712	7520	1	0	-400	-400	2147462656	正常
20120712	7520	多头	20120713	7536	1	0	80	80	2147462784	正常
20120713	7536	空头	20120716	7726	1	0	-950	-950	2147461888	正常
20120716	7726	多头	20120717	7866	1	0	700	700	2147462528	正常
20120717	7866	空头	20120718	7748	1	0	590	590	2147463168	正常
20120718	7748	多头	20120719	7748	1	0	0	0	2147463168	正常
20120719	7748	空头	20120720	7890	1	0	-710	-710	2147462400	正常
20120720	7890	多头	20120723	7682	1	0	-1040	-1040	2147461376	正常
20120723	7682	空头	20120724	7456	1	0	1130	1130	2147462528	正常
20120724	7456	多头	20120725	7556	1	0	500	500	2147463040	正常
20120725	7556	空头	20120726	7602	1	0	-230	-230	2147462784	正常
20120726	7602	多头	20120727	7544	1	0	-290	-290	2147462528	正常
20120727	7544	空头	20120730	7672	1	0	-640	-640	2147461888	正常
20120730	7672	多头	20120731	7768	1	0	480	480	2147462400	正常
20120731	7768	空头	20120801	7750	1	0	90	90	2147462528	正常
20120801	7750	多头	20120802	7806	1	0	280	280	2147462784	正常
20120802	7806	空头	20120803	7786	1	0	100	100	2147462912	正常
20120803	7786	多头	20120806	7900	1	0	570	570	2147463424	正常
20120806	7900	空头	20120807	7944	1	0	-220	-220	2147463168	正常
20120807	7944	多头	20120808	7960	1	0	80	80	2147463296	正常
20120808	7960	空头	20120809	7946	1	0	70	70	2147463424	正常
20120809	7946	多头	20120810	7970	1	0	120	120	2147463552	正常
20120810	7970	空头	20120813	7900	1	0	350	350	2147463936	正常
20120813	7900	多头	20120814	7898	1	0	-10	-10	2147463936	正常
20120814	7898	空头	20120815	7850	1	0	240	240	2147464192	正常
20120815	7850	多头	20120816	7876	1	0	130	130	2147464320	正常
20120816	7876	空头	20120817	7938	1	0	-310	-310	2147464064	正常
20120817	7938	多头	20120820	7650	1	0	-1440	-1440	2147462656	正常
20120820	7650	空头	20120821	7880	1	0	-1150	-1150	2147461504	正常
20120821	7880	多头	20120822	7950	1	0	350	350	2147461888	正常
20120822	7950	空头	20120823	7934	1	0	80	80	2147462016	正常
20120823	7934	多头	20120824	7950	1	0	80	80	2147462144	正常
20120824	7950	空头	20120827	8100	1	0	-750	-750	2147461376	正常
20120827	8100	多头	20120828	8124	1	0	120	120	2147461504	正常
20120828	8124	空头	20120829	8090	1	0	170	170	2147461632	正常
20120829	8090	多头	20120830	8054	1	0	-180	-180	2147461504	正常
20120830	8054	空头	20120831	8072	1	0	-90	-90	2147461376	正常
20120831	8072	多头	20120903	8180	1	0	540	540	2147461888	正常
20120903	8180	空头	20120904	8200	1	0	-100	-100	2147461760	正常
20120904	8200	多头	20120905	8130	1	0	-350	-350	2147461376	正常
20120905	8130	空头	20120906	8150	1	0	-100	-100	2147461248	正常
20120906	8150	多头	20120907	8090	1	0	-300	-300	2147460992	正常
20120907	8090	空头	20120910	8200	1	0	-550	-550	2147460480	正常
20120910	8200	多头	20120911	8196	1	0	-20	-20	2147460480	正常
20120911	8196	空头	20120912	8210	1	0	-70	-70	2147460352	正常
20120912	8210	多头	20120913	8350	1	0	700	700	2147460992	正常
20120913	8350	空头	20120914	8820	1	0	-2350	-2350	2147458688	正常
20120914	8820	多头	20120917	7834	1	0	-4930	-4930	2147453696	正常
20120917	7834	空头	20120918	7748	1	0	430	430	2147454080	正常
20120918	7748	多头	20120919	7766	1	0	90	90	2147454208	正常
20120919	7766	空头	20120920	7700	1	0	330	330	2147454592	正常
20120920	7700	多头	20120921	7660	1	0	-200	-200	2147454336	正常
20120921	7660	空头	20120924	7550	1	0	550	550	2147454848	正常
20120924	7550	多头	20120925	7638	1	0	440	440	2147455232	正常
20120925	7638	空头	20120926	7490	1	0	740	740	2147456000	正常
20120926	7490	多头	20120927	7506	1	0	80	80	2147456128	正常
20120927	7506	空头	20120928	7530	1	0	-120	-120	2147456000	正常
20120928	7530	多头	20121008	7582	1	0	260	260	2147456256	正常
20121008	7582	空头	20121009	7496	1	0	430	430	2147456640	正常
20121009	7496	多头	20121010	7606	1	0	550	550	2147457152	正常
20121010	7606	空头	20121011	7574	1	0	160	160	2147457280	正常
20121011	7574	多头	20121012	7668	1	0	470	470	2147457792	正常
20121012	7668	空头	20121015	7550	1	0	590	590	2147458432	正常
20121015	7550	多头	20121016	7620	1	0	350	350	2147458816	正常
20121016	7620	空头	20121017	7688	1	0	-340	-340	2147458432	正常
20121017	7688	多头	20121018	7680	1	0	-40	-40	2147458432	正常
20121018	7680	空头	20121019	7654	1	0	130	130	2147458560	正常
20121019	7654	多头	20121022	7520	1	0	-670	-670	2147457920	正常
20121022	7520	空头	20121023	7560	1	0	-200	-200	2147457664	正常
20121023	7560	多头	20121024	7440	1	0	-600	-600	2147457024	正常
20121024	7440	空头	20121025	7554	1	0	-570	-570	2147456512	正常
20121025	7554	多头	20121026	7556	1	0	10	10	2147456512	正常
20121026	7556	空头	20121029	7550	1	0	30	30	2147456512	正常
20121029	7550	多头	20121030	7450	1	0	-500	-500	2147456000	正常
20121030	7450	空头	20121031	7450	1	0	0	0	2147456000	正常
20121031	7450	多头	20121101	7470	1	0	100	100	2147456128	正常
20121101	7470	空头	20121102	7536	1	0	-330	-330	2147455744	正常
20121102	7536	多头	20121105	7488	1	0	-240	-240	2147455488	正常
20121105	7488	空头	20121106	7462	1	0	130	130	2147455616	正常
20121106	7462	多头	20121107	7480	1	0	90	90	2147455744	正常
20121107	7480	空头	20121108	7470	1	0	50	50	2147455744	正常
20121108	7470	多头	20121109	7498	1	0	140	140	2147455872	正常
20121109	7498	空头	20121112	7464	1	0	170	170	2147456000	正常
20121112	7464	多头	20121113	7472	1	0	40	40	2147456000	正常
20121113	7472	空头	20121114	7424	1	0	240	240	2147456256	正常
20121114	7424	多头	20121115	7456	1	0	160	160	2147456384	正常
20121115	7456	空头	20121116	7406	1	0	250	250	2147456640	正常
20121116	7406	多头	20121119	7470	1	0	320	320	2147457024	正常
20121119	7470	空头	20121120	7490	1	0	-100	-100	2147456896	正常
20121120	7490	多头	20121121	7470	1	0	-100	-100	2147456768	正常
20121121	7470	空头	20121122	7516	1	0	-230	-230	2147456512	正常
20121122	7516	多头	20121123	7486	1	0	-150	-150	2147456384	正常
20121123	7486	空头	20121126	7500	1	0	-70	-70	2147456256	正常
20121126	7500	多头	20121127	7584	1	0	420	420	2147456640	正常
20121127	7584	空头	20121128	7576	1	0	40	40	2147456640	正常
20121128	7576	多头	20121129	7526	1	0	-250	-250	2147456384	正常
20121129	7526	空头	20121130	7576	1	0	-250	-250	2147456128	正常
20121130	7576	多头	20121203	7590	1	0	70	70	2147456256	正常
20121203	7590	空头	20121204	7646	1	0	-280	-280	2147456000	正常
20121204	7646	多头	20121205	7652	1	0	30	30	2147456000	正常
20121205	7652	空头	20121206	7716	1	0	-320	-320	2147455744	正常
20121206	7716	多头	20121207	7836	1	0	600	600	2147456384	正常
20121207	7836	空头	20121210	7998	1	0	-810	-810	2147455616	正常
20121210	7998	多头	20121211	8000	1	0	10	10	2147455616	正常
20121211	8000	空头	20121212	7978	1	0	110	110	2147455744	正常
20121212	7978	多头	20121213	7982	1	0	20	20	2147455744	正常
20121213	7982	空头	20121214	7880	1	0	510	510	2147456256	正常
20121214	7880	多头	20121217	7932	1	0	260	260	2147456512	正常
20121217	7932	空头	20121218	8088	1	0	-780	-780	2147455744	正常
20121218	8088	多头	20121219	8084	1	0	-20	-20	2147455744	正常
20121219	8084	空头	20121220	8094	1	0	-50	-50	2147455744	正常
20121220	8094	多头	20121221	8050	1	0	-220	-220	2147455488	正常
20121221	8050	空头	20121224	8068	1	0	-90	-90	2147455360	正常
20121224	8068	多头	20121225	8120	1	0	260	260	2147455616	正常
20121225	8120	空头	20121226	8178	1	0	-290	-290	2147455360	正常
20121226	8178	多头	20121227	8300	1	0	610	610	2147456000	正常
20121227	8300	空头	20121228	8308	1	0	-40	-40	2147456000	正常
20121228	8308	多头	20121231	8350	1	0	210	210	2147456256	正常
20121231	8350	空头	20130104	8522	1	0	-860	-860	2147455360	正常
20130104	8522	多头	20130107	8550	1	0	140	140	2147455488	正常
20130107	8550	空头	20130108	8612	1	0	-310	-310	2147455232	正常
20130108	8612	多头	20130109	8530	1	0	-410	-410	2147454848	正常
20130109	8530	空头	20130110	8470	1	0	300	300	2147455104	正常
20130110	8470	多头	20130111	8496	1	0	130	130	2147455232	正常
20130111	8496	空头	20130114	8330	1	0	830	830	2147456000	正常
20130114	8330	多头	20130115	8400	1	0	350	350	2147456384	正常
20130115	8400	空头	20130116	8250	1	0	750	750	2147457152	正常
20130116	8250	多头	20130117	8282	1	0	160	160	2147457280	正常
20130117	8282	空头	20130118	8324	1	0	-210	-210	2147457024	正常
20130118	8324	多头	20130121	8400	1	0	380	380	2147457408	正常
20130121	8400	空头	20130122	8380	1	0	100	100	2147457536	正常
20130122	8380	多头	20130123	8348	1	0	-160	-160	2147457408	正常
20130123	8348	空头	20130124	8300	1	0	240	240	2147457664	正常
20130124	8300	多头	20130125	8386	1	0	430	430	2147458048	正常
20130125	8386	空头	20130128	8402	1	0	-80	-80	2147457920	正常
20130128	8402	多头	20130129	8492	1	0	450	450	2147458432	正常
20130129	8492	空头	20130130	8530	1	0	-190	-190	2147458304	正常
20130130	8530	多头	20130131	8578	1	0	240	240	2147458560	正常
20130131	8578	空头	20130201	8556	1	0	110	110	2147458688	正常
20130201	8556	多头	20130204	8648	1	0	460	460	2147459200	正常
20130204	8648	空头	20130205	8758	1	0	-550	-550	2147458688	正常
20130205	8758	多头	20130206	8852	1	0	470	470	2147459200	正常
20130206	8852	空头	20130207	8854	1	0	-10	-10	2147459200	正常
20130207	8854	多头	20130208	9000	1	0	730	730	2147459968	正常
20130208	9000	空头	20130218	8998	1	0	10	10	2147459968	正常
20130218	8998	多头	20130219	8820	1	0	-890	-890	2147459072	正常
20130219	8820	空头	20130220	8822	1	0	-10	-10	2147459072	正常
20130220	8822	多头	20130221	8636	1	0	-930	-930	2147458176	正常
20130221	8636	空头	20130222	8532	1	0	520	520	2147458688	正常
20130222	8532	多头	20130225	8568	1	0	180	180	2147458816	正常
20130225	8568	空头	20130226	8476	1	0	460	460	2147459328	正常
20130226	8476	多头	20130227	8394	1	0	-410	-410	2147458944	正常
20130227	8394	空头	20130228	8400	1	0	-30	-30	2147458944	正常
20130228	8400	多头	20130301	8372	1	0	-140	-140	2147458816	正常
20130301	8372	空头	20130304	8130	1	0	1210	1210	2147459968	正常
20130304	8130	多头	20130305	8048	1	0	-410	-410	2147459584	正常
20130305	8048	空头	20130306	8154	1	0	-530	-530	2147459072	正常
20130306	8154	多头	20130307	8186	1	0	160	160	2147459200	正常
20130307	8186	空头	20130308	8192	1	0	-30	-30	2147459200	正常
20130308	8192	多头	20130311	8122	1	0	-350	-350	2147458816	正常
20130311	8122	空头	20130312	8150	1	0	-140	-140	2147458688	正常
20130312	8150	多头	20130313	8048	1	0	-510	-510	2147458176	正常
20130313	8048	空头	20130314	8028	1	0	100	100	2147458304	正常
20130314	8028	多头	20130315	8084	1	0	280	280	2147458560	正常
20130315	8084	空头	20130318	8196	1	0	-560	-560	2147458048	正常
20130318	8196	多头	20130319	8134	1	0	-310	-310	2147457792	正常
20130319	8134	空头	20130320	8012	1	0	610	610	2147458432	正常
20130320	8012	多头	20130321	8114	1	0	510	510	2147458944	正常
20130321	8114	空头	20130322	8040	1	0	370	370	2147459328	正常
20130322	8040	多头	20130325	7990	1	0	-250	-250	2147459072	正常
20130325	7990	空头	20130326	7956	1	0	170	170	2147459200	正常
20130326	7956	多头	20130327	7892	1	0	-320	-320	2147458816	正常
20130327	7892	空头	20130328	7776	1	0	580	580	2147459456	正常
20130328	7776	多头	20130329	7706	1	0	-350	-350	2147459072	正常
20130329	7706	空头	20130401	7756	1	0	-250	-250	2147458816	正常
20130401	7756	多头	20130402	7674	1	0	-410	-410	2147458432	正常
20130402	7674	空头	20130403	7830	1	0	-780	-780	2147457664	正常
20130403	7830	多头	20130408	7812	1	0	-90	-90	2147457536	正常
20130408	7812	空头	20130409	7960	1	0	-740	-740	2147456768	正常
20130409	7960	多头	20130410	7990	1	0	150	150	2147456896	正常
20130410	7990	空头	20130411	8088	1	0	-490	-490	2147456384	正常
20130411	8088	多头	20130412	8042	1	0	-230	-230	2147456128	正常
20130412	8042	空头	20130415	7950	1	0	460	460	2147456640	正常
20130415	7950	多头	20130416	7600	1	0	-1750	-1750	2147454848	正常
20130416	7600	空头	20130417	7744	1	0	-720	-720	2147454080	正常
20130417	7744	多头	20130418	7520	1	0	-1120	-1120	2147452928	正常
20130418	7520	空头	20130418	7520	1	0	0	0	2147452928	正常
