20090327	3561	多头	20090330	3544	1	0	-85	-85	2147483520	正常
20090330	3544	空头	20090331	3549	1	0	-25	-25	2147483520	正常
20090331	3549	多头	20090401	3547	1	0	-10	-10	2147483520	正常
20090401	3547	空头	20090402	3473	1	0	370	370	2147483904	正常
20090402	3473	多头	20090403	3448	1	0	-125	-125	2147483904	正常
20090403	3448	空头	20090407	3491	1	0	-215	-215	2147483648	正常
20090407	3491	多头	20090408	3463	1	0	-140	-140	2147483520	正常
20090408	3463	空头	20090409	3468	1	0	-25	-25	2147483520	正常
20090409	3468	多头	20090410	3484	1	0	80	80	2147483648	正常
20090410	3484	空头	20090413	3469	1	0	75	75	2147483648	正常
20090413	3469	多头	20090414	3560	1	0	455	455	2147484160	正常
20090414	3560	空头	20090415	3562	1	0	-10	-10	2147484160	正常
20090415	3562	多头	20090416	3596	1	0	170	170	2147484416	正常
20090416	3596	空头	20090417	3620	1	0	-120	-120	2147484416	正常
20090417	3620	多头	20090420	3623	1	0	15	15	2147484416	正常
20090420	3623	空头	20090421	3524	1	0	495	495	2147484928	正常
20090421	3524	多头	20090422	3526	1	0	10	10	2147484928	正常
20090422	3526	空头	20090423	3513	1	0	65	65	2147484928	正常
20090423	3513	多头	20090424	3501	1	0	-60	-60	2147484928	正常
20090424	3501	空头	20090427	3499	1	0	10	10	2147484928	正常
20090427	3499	多头	20090428	3507	1	0	40	40	2147484928	正常
20090428	3507	空头	20090429	3520	1	0	-65	-65	2147484928	正常
20090429	3520	多头	20090430	3553	1	0	165	165	2147485184	正常
20090430	3553	空头	20090504	3636	1	0	-415	-415	2147484672	正常
20090504	3636	多头	20090505	3577	1	0	-295	-295	2147484416	正常
20090505	3577	空头	20090506	3594	1	0	-85	-85	2147484416	正常
20090506	3594	多头	20090507	3593	1	0	-5	-5	2147484416	正常
20090507	3593	空头	20090508	3614	1	0	-105	-105	2147484416	正常
20090508	3614	多头	20090511	3639	1	0	125	125	2147484416	正常
20090511	3639	空头	20090512	3645	1	0	-30	-30	2147484416	正常
20090512	3645	多头	20090513	3639	1	0	-30	-30	2147484416	正常
20090513	3639	空头	20090514	3594	1	0	225	225	2147484672	正常
20090514	3594	多头	20090515	3604	1	0	50	50	2147484672	正常
20090515	3604	空头	20090518	3608	1	0	-20	-20	2147484672	正常
20090518	3608	多头	20090519	3618	1	0	50	50	2147484672	正常
20090519	3618	空头	20090520	3618	1	0	0	0	2147484672	正常
20090520	3618	多头	20090521	3624	1	0	30	30	2147484672	正常
20090521	3624	空头	20090522	3618	1	0	30	30	2147484672	正常
20090522	3618	多头	20090525	3609	1	0	-45	-45	2147484672	正常
20090525	3609	空头	20090526	3601	1	0	40	40	2147484672	正常
20090526	3601	多头	20090527	3610	1	0	45	45	2147484672	正常
20090527	3610	空头	20090601	3647	1	0	-185	-185	2147484416	正常
20090601	3647	多头	20090602	3655	1	0	40	40	2147484416	正常
20090602	3655	空头	20090603	3670	1	0	-75	-75	2147484416	正常
20090603	3670	多头	20090604	3700	1	0	150	150	2147484672	正常
20090604	3700	空头	20090605	3756	1	0	-280	-280	2147484416	正常
20090605	3756	多头	20090608	3788	1	0	160	160	2147484672	正常
20090608	3788	空头	20090609	3779	1	0	45	45	2147484672	正常
20090609	3779	多头	20090610	3808	1	0	145	145	2147484928	正常
20090610	3808	空头	20090611	3878	1	0	-350	-350	2147484672	正常
20090611	3878	多头	20090612	3864	1	0	-70	-70	2147484672	正常
20090612	3864	空头	20090615	3849	1	0	75	75	2147484672	正常
20090615	3849	多头	20090616	3865	1	0	80	80	2147484672	正常
20090616	3865	空头	20090617	3852	1	0	65	65	2147484672	正常
20090617	3852	多头	20090618	3842	1	0	-50	-50	2147484672	正常
20090618	3842	空头	20090619	3907	1	0	-325	-325	2147484416	正常
20090619	3907	多头	20090622	3919	1	0	60	60	2147484416	正常
20090622	3919	空头	20090623	3881	1	0	190	190	2147484672	正常
20090623	3881	多头	20090624	3870	1	0	-55	-55	2147484672	正常
20090624	3870	空头	20090625	3866	1	0	20	20	2147484672	正常
20090625	3866	多头	20090626	3854	1	0	-60	-60	2147484672	正常
20090626	3854	空头	20090629	3829	1	0	125	125	2147484672	正常
20090629	3829	多头	20090630	3826	1	0	-15	-15	2147484672	正常
20090630	3826	空头	20090701	3839	1	0	-65	-65	2147484672	正常
20090701	3839	多头	20090702	3867	1	0	140	140	2147484928	正常
20090702	3867	空头	20090703	3859	1	0	40	40	2147484928	正常
20090703	3859	多头	20090706	3866	1	0	35	35	2147484928	正常
20090706	3866	空头	20090707	3870	1	0	-20	-20	2147484928	正常
20090707	3870	多头	20090708	3850	1	0	-100	-100	2147484928	正常
20090708	3850	空头	20090709	3865	1	0	-75	-75	2147484928	正常
20090709	3865	多头	20090710	3882	1	0	85	85	2147484928	正常
20090710	3882	空头	20090713	3886	1	0	-20	-20	2147484928	正常
20090713	3886	多头	20090714	3901	1	0	75	75	2147484928	正常
20090714	3901	空头	20090715	3973	1	0	-360	-360	2147484672	正常
20090715	3973	多头	20090716	4001	1	0	140	140	2147484928	正常
20090716	4001	空头	20090717	3978	1	0	115	115	2147484928	正常
20090717	3978	多头	20090720	4000	1	0	110	110	2147484928	正常
20090720	4000	空头	20090721	4018	1	0	-90	-90	2147484928	正常
20090721	4018	多头	20090722	4045	1	0	135	135	2147485184	正常
20090722	4045	空头	20090723	4099	1	0	-270	-270	2147484928	正常
20090723	4099	多头	20090724	4181	1	0	410	410	2147485440	正常
20090724	4181	空头	20090727	4280	1	0	-495	-495	2147484928	正常
20090727	4280	多头	20090728	4310	1	0	150	150	2147485184	正常
20090728	4310	空头	20090729	4338	1	0	-140	-140	2147484928	正常
20090729	4338	多头	20090730	4395	1	0	285	285	2147485184	正常
20090730	4395	空头	20090731	4579	1	0	-920	-920	2147484160	正常
20090731	4579	多头	20090803	4804	1	0	1125	1125	2147485184	正常
20090803	4804	空头	20090804	4819	1	0	-75	-75	2147485184	正常
20090804	4819	多头	20090805	4872	1	0	265	265	2147485440	正常
20090805	4872	空头	20090806	4990	1	0	-590	-590	2147484928	正常
20090806	4990	多头	20090807	4900	1	0	-450	-450	2147484416	正常
20090807	4900	空头	20090810	4877	1	0	115	115	2147484416	正常
20090810	4877	多头	20090811	4906	1	0	145	145	2147484672	正常
20090811	4906	空头	20090812	4798	1	0	540	540	2147485184	正常
20090812	4798	多头	20090813	4723	1	0	-375	-375	2147484928	正常
20090813	4723	空头	20090814	4660	1	0	315	315	2147485184	正常
20090814	4660	多头	20090817	4611	1	0	-245	-245	2147484928	正常
20090817	4611	空头	20090818	4598	1	0	65	65	2147484928	正常
20090818	4598	多头	20090819	4372	1	0	-1130	-1130	2147483904	正常
20090819	4372	空头	20090820	4458	1	0	-430	-430	2147483520	正常
20090820	4458	多头	20090821	4530	1	0	360	360	2147483904	正常
20090821	4530	空头	20090824	4555	1	0	-125	-125	2147483904	正常
20090824	4555	多头	20090825	4418	1	0	-685	-685	2147483264	正常
20090825	4418	空头	20090826	4402	1	0	80	80	2147483392	正常
20090826	4402	多头	20090827	4354	1	0	-240	-240	2147483136	正常
20090827	4354	空头	20090828	4250	1	0	520	520	2147483648	正常
20090828	4250	多头	20090831	4107	1	0	-715	-715	2147482880	正常
20090831	4107	空头	20090901	3946	1	0	805	805	2147483648	正常
20090901	3946	多头	20090902	3890	1	0	-280	-280	2147483392	正常
20090902	3890	空头	20090903	3928	1	0	-190	-190	2147483264	正常
20090903	3928	多头	20090904	3925	1	0	-15	-15	2147483264	正常
20090904	3925	空头	20090907	3750	1	0	875	875	2147484160	正常
20090907	3750	多头	20090908	3734	1	0	-80	-80	2147484160	正常
20090908	3734	空头	20090909	3700	1	0	170	170	2147484416	正常
20090909	3700	多头	20090910	3726	1	0	130	130	2147484672	正常
20090910	3726	空头	20090911	3736	1	0	-50	-50	2147484672	正常
20090911	3736	多头	20090914	3650	1	0	-430	-430	2147484160	正常
20090914	3650	空头	20090915	3600	1	0	250	250	2147484416	正常
20090915	3600	多头	20090918	4348	1	0	3740	3740	2147488256	正常
20090918	4348	空头	20090921	4340	1	0	40	40	2147488256	正常
20090921	4340	多头	20090922	4336	1	0	-20	-20	2147488256	正常
20090922	4336	空头	20090923	4291	1	0	225	225	2147488512	正常
20090923	4291	多头	20090924	4185	1	0	-530	-530	2147488000	正常
20090924	4185	空头	20090925	4110	1	0	375	375	2147488256	正常
20090925	4110	多头	20090928	4005	1	0	-525	-525	2147487744	正常
20090928	4005	空头	20090929	4086	1	0	-405	-405	2147487232	正常
20090929	4086	多头	20090930	4081	1	0	-25	-25	2147487232	正常
20090930	4081	空头	20091009	4070	1	0	55	55	2147487232	正常
20091009	4070	多头	20091012	3996	1	0	-370	-370	2147486976	正常
20091012	3996	空头	20091013	4000	1	0	-20	-20	2147486976	正常
20091013	4000	多头	20091014	4012	1	0	60	60	2147486976	正常
20091014	4012	空头	20091015	4048	1	0	-180	-180	2147486720	正常
20091015	4048	多头	20091016	4055	1	0	35	35	2147486720	正常
20091016	4055	空头	20091019	4085	1	0	-150	-150	2147486464	正常
20091019	4085	多头	20091020	4115	1	0	150	150	2147486720	正常
20091020	4115	空头	20091021	4152	1	0	-185	-185	2147486464	正常
20091021	4152	多头	20091022	4160	1	0	40	40	2147486464	正常
20091022	4160	空头	20091023	4181	1	0	-105	-105	2147486464	正常
20091023	4181	多头	20091026	4305	1	0	620	620	2147486976	正常
20091026	4305	空头	20091027	4295	1	0	50	50	2147486976	正常
20091027	4295	多头	20091028	4221	1	0	-370	-370	2147486720	正常
20091028	4221	空头	20091029	4198	1	0	115	115	2147486720	正常
20091029	4198	多头	20091030	4228	1	0	150	150	2147486976	正常
20091030	4228	空头	20091102	4265	1	0	-185	-185	2147486720	正常
20091102	4265	多头	20091103	4255	1	0	-50	-50	2147486720	正常
20091103	4255	空头	20091104	4255	1	0	0	0	2147486720	正常
20091104	4255	多头	20091105	4320	1	0	325	325	2147486976	正常
20091105	4320	空头	20091106	4407	1	0	-435	-435	2147486464	正常
20091106	4407	多头	20091109	4523	1	0	580	580	2147486976	正常
20091109	4523	空头	20091110	4483	1	0	200	200	2147487232	正常
20091110	4483	多头	20091111	4515	1	0	160	160	2147487488	正常
20091111	4515	空头	20091112	4495	1	0	100	100	2147487488	正常
20091112	4495	多头	20091113	4560	1	0	325	325	2147487744	正常
20091113	4560	空头	20091116	4580	1	0	-100	-100	2147487744	正常
20091116	4580	多头	20091117	4578	1	0	-10	-10	2147487744	正常
20091117	4578	空头	20091118	4610	1	0	-160	-160	2147487488	正常
20091118	4610	多头	20091119	4658	1	0	240	240	2147487744	正常
20091119	4658	空头	20091120	4662	1	0	-20	-20	2147487744	正常
20091120	4662	多头	20091123	4694	1	0	160	160	2147488000	正常
20091123	4694	空头	20091124	4641	1	0	265	265	2147488256	正常
20091124	4641	多头	20091125	4708	1	0	335	335	2147488512	正常
20091125	4708	空头	20091126	4691	1	0	85	85	2147488512	正常
20091126	4691	多头	20091127	4529	1	0	-810	-810	2147487744	正常
20091127	4529	空头	20091130	4611	1	0	-410	-410	2147487232	正常
20091130	4611	多头	20091201	4605	1	0	-30	-30	2147487232	正常
20091201	4605	空头	20091202	4643	1	0	-190	-190	2147486976	正常
20091202	4643	多头	20091203	4656	1	0	65	65	2147486976	正常
20091203	4656	空头	20091204	4635	1	0	105	105	2147486976	正常
20091204	4635	多头	20091207	4666	1	0	155	155	2147487232	正常
20091207	4666	空头	20091208	4629	1	0	185	185	2147487488	正常
20091208	4629	多头	20091209	4568	1	0	-305	-305	2147487232	正常
20091209	4568	空头	20091210	4614	1	0	-230	-230	2147486976	正常
20091210	4614	多头	20091211	4681	1	0	335	335	2147487232	正常
20091211	4681	空头	20091214	4699	1	0	-90	-90	2147487232	正常
20091214	4699	多头	20091215	4654	1	0	-225	-225	2147486976	正常
20091215	4654	空头	20091216	4647	1	0	35	35	2147486976	正常
20091216	4647	多头	20091217	4634	1	0	-65	-65	2147486976	正常
20091217	4634	空头	20091218	4612	1	0	110	110	2147486976	正常
20091218	4612	多头	20091221	4626	1	0	70	70	2147486976	正常
20091221	4626	空头	20091222	4620	1	0	30	30	2147486976	正常
20091222	4620	多头	20091223	4613	1	0	-35	-35	2147486976	正常
20091223	4613	空头	20091224	4642	1	0	-145	-145	2147486720	正常
20091224	4642	多头	20091225	4656	1	0	70	70	2147486720	正常
20091225	4656	空头	20091228	4676	1	0	-100	-100	2147486720	正常
20091228	4676	多头	20091229	4669	1	0	-35	-35	2147486720	正常
20091229	4669	空头	20091230	4666	1	0	15	15	2147486720	正常
20091230	4666	多头	20091231	4665	1	0	-5	-5	2147486720	正常
20091231	4665	空头	20100104	4700	1	0	-175	-175	2147486464	正常
20100104	4700	多头	20100105	4709	1	0	45	45	2147486464	正常
20100105	4709	空头	20100106	4739	1	0	-150	-150	2147486208	正常
20100106	4739	多头	20100107	4615	1	0	-620	-620	2147485696	正常
20100107	4615	空头	20100108	4660	1	0	-225	-225	2147485440	正常
20100108	4660	多头	20100111	4720	1	0	300	300	2147485696	正常
20100111	4720	空头	20100112	4707	1	0	65	65	2147485696	正常
20100112	4707	多头	20100113	4625	1	0	-410	-410	2147485184	正常
20100113	4625	空头	20100114	4641	1	0	-80	-80	2147485184	正常
20100114	4641	多头	20100115	4608	1	0	-165	-165	2147484928	正常
20100115	4608	空头	20100118	4628	1	0	-100	-100	2147484928	正常
20100118	4628	多头	20100119	4635	1	0	35	35	2147484928	正常
20100119	4635	空头	20100120	4611	1	0	120	120	2147484928	正常
20100120	4611	多头	20100121	4612	1	0	5	5	2147484928	正常
20100121	4612	空头	20100122	4520	1	0	460	460	2147485440	正常
20100122	4520	多头	20100125	4507	1	0	-65	-65	2147485440	正常
20100125	4507	空头	20100126	4500	1	0	35	35	2147485440	正常
20100126	4500	多头	20100127	4535	1	0	175	175	2147485696	正常
20100127	4535	空头	20100128	4525	1	0	50	50	2147485696	正常
20100128	4525	多头	20100129	4521	1	0	-20	-20	2147485696	正常
20100129	4521	空头	20100201	4505	1	0	80	80	2147485696	正常
20100201	4505	多头	20100202	4351	1	0	-770	-770	2147484928	正常
20100202	4351	空头	20100203	4413	1	0	-310	-310	2147484672	正常
20100203	4413	多头	20100204	4362	1	0	-255	-255	2147484416	正常
20100204	4362	空头	20100205	4348	1	0	70	70	2147484416	正常
20100205	4348	多头	20100208	4368	1	0	100	100	2147484416	正常
20100208	4368	空头	20100209	4388	1	0	-100	-100	2147484416	正常
20100209	4388	多头	20100210	4444	1	0	280	280	2147484672	正常
20100210	4444	空头	20100211	4443	1	0	5	5	2147484672	正常
20100211	4443	多头	20100212	4473	1	0	150	150	2147484928	正常
20100212	4473	空头	20100222	4450	1	0	115	115	2147484928	正常
20100222	4450	多头	20100223	4503	1	0	265	265	2147485184	正常
20100223	4503	空头	20100224	4485	1	0	90	90	2147485184	正常
20100224	4485	多头	20100225	4477	1	0	-40	-40	2147485184	正常
20100225	4477	空头	20100226	4483	1	0	-30	-30	2147485184	正常
20100226	4483	多头	20100301	4538	1	0	275	275	2147485440	正常
20100301	4538	空头	20100302	4478	1	0	300	300	2147485696	正常
20100302	4478	多头	20100303	4456	1	0	-110	-110	2147485696	正常
20100303	4456	空头	20100304	4427	1	0	145	145	2147485952	正常
20100304	4427	多头	20100305	4465	1	0	190	190	2147486208	正常
20100305	4465	空头	20100308	4518	1	0	-265	-265	2147485952	正常
20100308	4518	多头	20100309	4525	1	0	35	35	2147485952	正常
20100309	4525	空头	20100310	4537	1	0	-60	-60	2147485952	正常
20100310	4537	多头	20100311	4540	1	0	15	15	2147485952	正常
20100311	4540	空头	20100312	4551	1	0	-55	-55	2147485952	正常
20100312	4551	多头	20100315	4554	1	0	15	15	2147485952	正常
20100315	4554	空头	20100316	4672	1	0	-590	-590	2147485440	正常
20100316	4672	多头	20100317	4664	1	0	-40	-40	2147485440	正常
20100317	4664	空头	20100318	4640	1	0	120	120	2147485440	正常
20100318	4640	多头	20100319	4666	1	0	130	130	2147485696	正常
20100319	4666	空头	20100322	4687	1	0	-105	-105	2147485696	正常
20100322	4687	多头	20100323	4668	1	0	-95	-95	2147485696	正常
20100323	4668	空头	20100324	4694	1	0	-130	-130	2147485440	正常
20100324	4694	多头	20100325	4713	1	0	95	95	2147485440	正常
20100325	4713	空头	20100326	4703	1	0	50	50	2147485440	正常
20100326	4703	多头	20100329	4725	1	0	110	110	2147485440	正常
20100329	4725	空头	20100330	4688	1	0	185	185	2147485696	正常
20100330	4688	多头	20100331	4687	1	0	-5	-5	2147485696	正常
20100331	4687	空头	20100401	4679	1	0	40	40	2147485696	正常
20100401	4679	多头	20100402	4709	1	0	150	150	2147485952	正常
20100402	4709	空头	20100406	4730	1	0	-105	-105	2147485952	正常
20100406	4730	多头	20100407	4754	1	0	120	120	2147485952	正常
20100407	4754	空头	20100408	4722	1	0	160	160	2147486208	正常
20100408	4722	多头	20100409	4751	1	0	145	145	2147486464	正常
20100409	4751	空头	20100412	4778	1	0	-135	-135	2147486208	正常
20100412	4778	多头	20100413	4792	1	0	70	70	2147486208	正常
20100413	4792	空头	20100414	4766	1	0	130	130	2147486464	正常
20100414	4766	多头	20100415	4740	1	0	-130	-130	2147486208	正常
20100415	4740	空头	20100416	4754	1	0	-70	-70	2147486208	正常
20100416	4754	多头	20100419	4687	1	0	-335	-335	2147485952	正常
20100419	4687	空头	20100420	4696	1	0	-45	-45	2147485952	正常
20100420	4696	多头	20100421	4690	1	0	-30	-30	2147485952	正常
20100421	4690	空头	20100422	4674	1	0	80	80	2147485952	正常
20100422	4674	多头	20100423	4666	1	0	-40	-40	2147485952	正常
20100423	4666	空头	20100426	4650	1	0	80	80	2147485952	正常
20100426	4650	多头	20100427	4603	1	0	-235	-235	2147485696	正常
20100427	4603	空头	20100428	4525	1	0	390	390	2147486208	正常
20100428	4525	多头	20100429	4515	1	0	-50	-50	2147486208	正常
20100429	4515	空头	20100430	4541	1	0	-130	-130	2147485952	正常
20100430	4541	多头	20100504	4570	1	0	145	145	2147486208	正常
20100504	4570	空头	20100505	4552	1	0	90	90	2147486208	正常
20100505	4552	多头	20100506	4525	1	0	-135	-135	2147485952	正常
20100506	4525	空头	20100507	4440	1	0	425	425	2147486464	正常
20100507	4440	多头	20100510	4425	1	0	-75	-75	2147486464	正常
20100510	4425	空头	20100511	4361	1	0	320	320	2147486720	正常
20100511	4361	多头	20100512	4308	1	0	-265	-265	2147486464	正常
20100512	4308	空头	20100513	4294	1	0	70	70	2147486464	正常
20100513	4294	多头	20100514	4275	1	0	-95	-95	2147486464	正常
20100514	4275	空头	20100517	4089	1	0	930	930	2147487488	正常
20100517	4089	多头	20100518	4118	1	0	145	145	2147487744	正常
20100518	4118	空头	20100519	4113	1	0	25	25	2147487744	正常
20100519	4113	多头	20100520	4146	1	0	165	165	2147488000	正常
20100520	4146	空头	20100521	4133	1	0	65	65	2147488000	正常
20100521	4133	多头	20100524	4209	1	0	380	380	2147488256	正常
20100524	4209	空头	20100525	4168	1	0	205	205	2147488512	正常
20100525	4168	多头	20100526	4184	1	0	80	80	2147488512	正常
20100526	4184	空头	20100527	4179	1	0	25	25	2147488512	正常
20100527	4179	多头	20100528	4170	1	0	-45	-45	2147488512	正常
20100528	4170	空头	20100531	4130	1	0	200	200	2147488768	正常
20100531	4130	多头	20100601	4108	1	0	-110	-110	2147488768	正常
20100601	4108	空头	20100602	4112	1	0	-20	-20	2147488768	正常
20100602	4112	多头	20100603	4126	1	0	70	70	2147488768	正常
20100603	4126	空头	20100604	4107	1	0	95	95	2147488768	正常
20100604	4107	多头	20100607	3970	1	0	-685	-685	2147488000	正常
20100607	3970	空头	20100608	4012	1	0	-210	-210	2147487744	正常
20100608	4012	多头	20100609	4044	1	0	160	160	2147488000	正常
20100609	4044	空头	20100610	4024	1	0	100	100	2147488000	正常
20100610	4024	多头	20100611	4044	1	0	100	100	2147488000	正常
20100611	4044	空头	20100617	4055	1	0	-55	-55	2147488000	正常
20100617	4055	多头	20100618	4017	1	0	-190	-190	2147487744	正常
20100618	4017	空头	20100621	4083	1	0	-330	-330	2147487488	正常
20100621	4083	多头	20100622	4066	1	0	-85	-85	2147487488	正常
20100622	4066	空头	20100623	4019	1	0	235	235	2147487744	正常
20100623	4019	多头	20100624	4045	1	0	130	130	2147488000	正常
20100624	4045	空头	20100625	4027	1	0	90	90	2147488000	正常
20100625	4027	多头	20100628	4000	1	0	-135	-135	2147487744	正常
20100628	4000	空头	20100629	3955	1	0	225	225	2147488000	正常
20100629	3955	多头	20100630	3936	1	0	-95	-95	2147488000	正常
20100630	3936	空头	20100701	3917	1	0	95	95	2147488000	正常
20100701	3917	多头	20100702	3924	1	0	35	35	2147488000	正常
20100702	3924	空头	20100705	3926	1	0	-10	-10	2147488000	正常
20100705	3926	多头	20100706	3912	1	0	-70	-70	2147488000	正常
20100706	3912	空头	20100707	3909	1	0	15	15	2147488000	正常
20100707	3909	多头	20100708	3889	1	0	-100	-100	2147488000	正常
20100708	3889	空头	20100709	3889	1	0	0	0	2147488000	正常
20100709	3889	多头	20100712	3870	1	0	-95	-95	2147488000	正常
20100712	3870	空头	20100713	3842	1	0	140	140	2147488256	正常
20100713	3842	多头	20100714	3826	1	0	-80	-80	2147488256	正常
20100714	3826	空头	20100715	3830	1	0	-20	-20	2147488256	正常
20100715	3830	多头	20100716	3838	1	0	40	40	2147488256	正常
20100716	3838	空头	20100719	3880	1	0	-210	-210	2147488000	正常
20100719	3880	多头	20100720	3939	1	0	295	295	2147488256	正常
20100720	3939	空头	20100721	3941	1	0	-10	-10	2147488256	正常
20100721	3941	多头	20100722	3934	1	0	-35	-35	2147488256	正常
20100722	3934	空头	20100723	3981	1	0	-235	-235	2147488000	正常
20100723	3981	多头	20100726	3971	1	0	-50	-50	2147488000	正常
20100726	3971	空头	20100727	3918	1	0	265	265	2147488256	正常
20100727	3918	多头	20100728	3957	1	0	195	195	2147488512	正常
20100728	3957	空头	20100729	3948	1	0	45	45	2147488512	正常
20100729	3948	多头	20100730	3993	1	0	225	225	2147488768	正常
20100730	3993	空头	20100802	4053	1	0	-300	-300	2147488512	正常
20100802	4053	多头	20100803	4029	1	0	-120	-120	2147488512	正常
20100803	4029	空头	20100804	4039	1	0	-50	-50	2147488512	正常
20100804	4039	多头	20100805	4048	1	0	45	45	2147488512	正常
20100805	4048	空头	20100806	4048	1	0	0	0	2147488512	正常
20100806	4048	多头	20100809	4096	1	0	240	240	2147488768	正常
20100809	4096	空头	20100810	4101	1	0	-25	-25	2147488768	正常
20100810	4101	多头	20100811	4121	1	0	100	100	2147488768	正常
20100811	4121	空头	20100812	4088	1	0	165	165	2147489024	正常
20100812	4088	多头	20100813	4098	1	0	50	50	2147489024	正常
20100813	4098	空头	20100816	4118	1	0	-100	-100	2147489024	正常
20100816	4118	多头	20100817	4139	1	0	105	105	2147489024	正常
20100817	4139	空头	20100818	4146	1	0	-35	-35	2147489024	正常
20100818	4146	多头	20100819	4170	1	0	120	120	2147489024	正常
20100819	4170	空头	20100820	4150	1	0	100	100	2147489024	正常
20100820	4150	多头	20100823	4120	1	0	-150	-150	2147488768	正常
20100823	4120	空头	20100824	4116	1	0	20	20	2147488768	正常
20100824	4116	多头	20100825	4100	1	0	-80	-80	2147488768	正常
20100825	4100	空头	20100826	4115	1	0	-75	-75	2147488768	正常
20100826	4115	多头	20100827	4134	1	0	95	95	2147488768	正常
20100827	4134	空头	20100830	4150	1	0	-80	-80	2147488768	正常
20100830	4150	多头	20100831	4193	1	0	215	215	2147489024	正常
20100831	4193	空头	20100901	4220	1	0	-135	-135	2147488768	正常
20100901	4220	多头	20100902	4248	1	0	140	140	2147489024	正常
20100902	4248	空头	20100906	4462	1	0	-1070	-1070	2147488000	正常
20100906	4462	多头	20100907	4470	1	0	40	40	2147488000	正常
20100907	4470	空头	20100908	4445	1	0	125	125	2147488000	正常
20100908	4445	多头	20100909	4381	1	0	-320	-320	2147487744	正常
20100909	4381	空头	20100910	4450	1	0	-345	-345	2147487488	正常
20100910	4450	多头	20100913	4450	1	0	0	0	2147487488	正常
20100913	4450	空头	20100915	4440	1	0	50	50	2147487488	正常
20100915	4440	多头	20100916	4480	1	0	200	200	2147487744	正常
20100916	4480	空头	20100917	4465	1	0	75	75	2147487744	正常
20100917	4465	多头	20100920	4495	1	0	150	150	2147488000	正常
20100920	4495	空头	20100921	4450	1	0	225	225	2147488256	正常
20100921	4450	多头	20100927	4415	1	0	-175	-175	2147488000	正常
20100927	4415	空头	20100928	4417	1	0	-10	-10	2147488000	正常
20100928	4417	多头	20100929	4419	1	0	10	10	2147488000	正常
20100929	4419	空头	20100930	4469	1	0	-250	-250	2147487744	正常
20100930	4469	多头	20101008	4490	1	0	105	105	2147487744	正常
20101008	4490	空头	20101011	4598	1	0	-540	-540	2147487232	正常
20101011	4598	多头	20101012	4529	1	0	-345	-345	2147486976	正常
20101012	4529	空头	20101013	4570	1	0	-205	-205	2147486720	正常
20101013	4570	多头	20101014	4561	1	0	-45	-45	2147486720	正常
20101014	4561	空头	20101015	4577	1	0	-80	-80	2147486720	正常
20101015	4577	多头	20101018	4605	1	0	140	140	2147486976	正常
20101018	4605	空头	20101019	4596	1	0	45	45	2147486976	正常
20101019	4596	多头	20101020	4535	1	0	-305	-305	2147486720	正常
20101020	4535	空头	20101021	4542	1	0	-35	-35	2147486720	正常
20101021	4542	多头	20101022	4510	1	0	-160	-160	2147486464	正常
20101022	4510	空头	20101025	4591	1	0	-405	-405	2147485952	正常
20101025	4591	多头	20101026	4562	1	0	-145	-145	2147485696	正常
20101026	4562	空头	20101027	4576	1	0	-70	-70	2147485696	正常
20101027	4576	多头	20101028	4592	1	0	80	80	2147485696	正常
20101028	4592	空头	20101029	4593	1	0	-5	-5	2147485696	正常
20101029	4593	多头	20101101	4627	1	0	170	170	2147485952	正常
20101101	4627	空头	20101102	4626	1	0	5	5	2147485952	正常
20101102	4626	多头	20101103	4637	1	0	55	55	2147485952	正常
20101103	4637	空头	20101104	4710	1	0	-365	-365	2147485696	正常
20101104	4710	多头	20101105	4781	1	0	355	355	2147485952	正常
20101105	4781	空头	20101108	4775	1	0	30	30	2147485952	正常
20101108	4775	多头	20101109	4897	1	0	610	610	2147486464	正常
20101109	4897	空头	20101110	4820	1	0	385	385	2147486976	正常
20101110	4820	多头	20101111	4824	1	0	20	20	2147486976	正常
20101111	4824	空头	20101112	4680	1	0	720	720	2147487744	正常
20101112	4680	多头	20101115	4715	1	0	175	175	2147488000	正常
20101115	4715	空头	20101116	4694	1	0	105	105	2147488000	正常
20101116	4694	多头	20101117	4606	1	0	-440	-440	2147487488	正常
20101117	4606	空头	20101118	4657	1	0	-255	-255	2147487232	正常
20101118	4657	多头	20101119	4710	1	0	265	265	2147487488	正常
20101119	4710	空头	20101122	4713	1	0	-15	-15	2147487488	正常
20101122	4713	多头	20101123	4673	1	0	-200	-200	2147487232	正常
20101123	4673	空头	20101124	4737	1	0	-320	-320	2147486976	正常
20101124	4737	多头	20101125	4754	1	0	85	85	2147486976	正常
20101125	4754	空头	20101126	4715	1	0	195	195	2147487232	正常
20101126	4715	多头	20101129	4731	1	0	80	80	2147487232	正常
20101129	4731	空头	20101130	4701	1	0	150	150	2147487488	正常
20101130	4701	多头	20101201	4723	1	0	110	110	2147487488	正常
20101201	4723	空头	20101202	4742	1	0	-95	-95	2147487488	正常
20101202	4742	多头	20101203	4763	1	0	105	105	2147487488	正常
20101203	4763	空头	20101206	4760	1	0	15	15	2147487488	正常
20101206	4760	多头	20101207	4796	1	0	180	180	2147487744	正常
20101207	4796	空头	20101208	4752	1	0	220	220	2147488000	正常
20101208	4752	多头	20101209	4765	1	0	65	65	2147488000	正常
20101209	4765	空头	20101210	4756	1	0	45	45	2147488000	正常
20101210	4756	多头	20101213	4810	1	0	270	270	2147488256	正常
20101213	4810	空头	20101214	4811	1	0	-5	-5	2147488256	正常
20101214	4811	多头	20101215	4793	1	0	-90	-90	2147488256	正常
20101215	4793	空头	20101216	4793	1	0	0	0	2147488256	正常
20101216	4793	多头	20101217	4815	1	0	110	110	2147488256	正常
20101217	4815	空头	20101220	4813	1	0	10	10	2147488256	正常
20101220	4813	多头	20101221	4846	1	0	165	165	2147488512	正常
20101221	4846	空头	20101222	4815	1	0	155	155	2147488768	正常
20101222	4815	多头	20101223	4793	1	0	-110	-110	2147488768	正常
20101223	4793	空头	20101224	4797	1	0	-20	-20	2147488768	正常
20101224	4797	多头	20101227	4775	1	0	-110	-110	2147488768	正常
20101227	4775	空头	20101228	4774	1	0	5	5	2147488768	正常
20101228	4774	多头	20101229	4804	1	0	150	150	2147489024	正常
20101229	4804	空头	20101230	4819	1	0	-75	-75	2147489024	正常
20101230	4819	多头	20101231	4823	1	0	20	20	2147489024	正常
20101231	4823	空头	20110104	4861	1	0	-190	-190	2147488768	正常
20110104	4861	多头	20110105	4850	1	0	-55	-55	2147488768	正常
20110105	4850	空头	20110106	4875	1	0	-125	-125	2147488768	正常
20110106	4875	多头	20110107	4873	1	0	-10	-10	2147488768	正常
20110107	4873	空头	20110110	4920	1	0	-235	-235	2147488512	正常
20110110	4920	多头	20110111	4933	1	0	65	65	2147488512	正常
20110111	4933	空头	20110112	4933	1	0	0	0	2147488512	正常
20110112	4933	多头	20110113	4964	1	0	155	155	2147488768	正常
20110113	4964	空头	20110114	4976	1	0	-60	-60	2147488768	正常
20110114	4976	多头	20110117	4965	1	0	-55	-55	2147488768	正常
20110117	4965	空头	20110118	4960	1	0	25	25	2147488768	正常
20110118	4960	多头	20110119	4978	1	0	90	90	2147488768	正常
20110119	4978	空头	20110120	4975	1	0	15	15	2147488768	正常
20110120	4975	多头	20110121	4986	1	0	55	55	2147488768	正常
20110121	4986	空头	20110124	5012	1	0	-130	-130	2147488512	正常
20110124	5012	多头	20110125	5019	1	0	35	35	2147488512	正常
20110125	5019	空头	20110126	4991	1	0	140	140	2147488768	正常
20110126	4991	多头	20110127	4988	1	0	-15	-15	2147488768	正常
20110127	4988	空头	20110128	4991	1	0	-15	-15	2147488768	正常
20110128	4991	多头	20110131	5038	1	0	235	235	2147489024	正常
20110131	5038	空头	20110201	5058	1	0	-100	-100	2147489024	正常
20110201	5058	多头	20110209	5059	1	0	5	5	2147489024	正常
20110209	5059	空头	20110210	5116	1	0	-285	-285	2147488768	正常
20110210	5116	多头	20110211	5102	1	0	-70	-70	2147488768	正常
20110211	5102	空头	20110214	5097	1	0	25	25	2147488768	正常
20110214	5097	多头	20110215	5100	1	0	15	15	2147488768	正常
20110215	5100	空头	20110216	5072	1	0	140	140	2147489024	正常
20110216	5072	多头	20110217	4990	1	0	-410	-410	2147488512	正常
20110217	4990	空头	20110218	4968	1	0	110	110	2147488512	正常
20110218	4968	多头	20110221	4990	1	0	110	110	2147488512	正常
20110221	4990	空头	20110222	4966	1	0	120	120	2147488512	正常
20110222	4966	多头	20110223	4927	1	0	-195	-195	2147488256	正常
20110223	4927	空头	20110224	4889	1	0	190	190	2147488512	正常
20110224	4889	多头	20110225	4854	1	0	-175	-175	2147488256	正常
20110225	4854	空头	20110228	4882	1	0	-140	-140	2147488000	正常
20110228	4882	多头	20110301	4826	1	0	-280	-280	2147487744	正常
20110301	4826	空头	20110302	4829	1	0	-15	-15	2147487744	正常
20110302	4829	多头	20110303	4786	1	0	-215	-215	2147487488	正常
20110303	4786	空头	20110304	4784	1	0	10	10	2147487488	正常
20110304	4784	多头	20110307	4804	1	0	100	100	2147487488	正常
20110307	4804	空头	20110308	4754	1	0	250	250	2147487744	正常
20110308	4754	多头	20110309	4748	1	0	-30	-30	2147487744	正常
20110309	4748	空头	20110310	4658	1	0	450	450	2147488256	正常
20110310	4658	多头	20110311	4651	1	0	-35	-35	2147488256	正常
20110311	4651	空头	20110314	4710	1	0	-295	-295	2147488000	正常
20110314	4710	多头	20110315	4740	1	0	150	150	2147488256	正常
20110315	4740	空头	20110316	4788	1	0	-240	-240	2147488000	正常
20110316	4788	多头	20110317	4768	1	0	-100	-100	2147488000	正常
20110317	4768	空头	20110318	4724	1	0	220	220	2147488256	正常
20110318	4724	多头	20110321	4625	1	0	-495	-495	2147487744	正常
20110321	4625	空头	20110322	4620	1	0	25	25	2147487744	正常
20110322	4620	多头	20110323	4706	1	0	430	430	2147488256	正常
20110323	4706	空头	20110324	4680	1	0	130	130	2147488512	正常
20110324	4680	多头	20110325	4691	1	0	55	55	2147488512	正常
20110325	4691	空头	20110328	4736	1	0	-225	-225	2147488256	正常
20110328	4736	多头	20110329	4775	1	0	195	195	2147488512	正常
20110329	4775	空头	20110330	4757	1	0	90	90	2147488512	正常
20110330	4757	多头	20110331	4757	1	0	0	0	2147488512	正常
20110331	4757	空头	20110401	4754	1	0	15	15	2147488512	正常
20110401	4754	多头	20110406	4823	1	0	345	345	2147488768	正常
20110406	4823	空头	20110407	4834	1	0	-55	-55	2147488768	正常
20110407	4834	多头	20110408	4870	1	0	180	180	2147489024	正常
20110408	4870	空头	20110411	4875	1	0	-25	-25	2147489024	正常
20110411	4875	多头	20110412	4863	1	0	-60	-60	2147489024	正常
20110412	4863	空头	20110413	4878	1	0	-75	-75	2147489024	正常
20110413	4878	多头	20110414	4879	1	0	5	5	2147489024	正常
20110414	4879	空头	20110415	4783	1	0	480	480	2147489536	正常
20110415	4783	多头	20110418	4800	1	0	85	85	2147489536	正常
20110418	4800	空头	20110419	4743	1	0	285	285	2147489792	正常
20110419	4743	多头	20110420	4777	1	0	170	170	2147490048	正常
20110420	4777	空头	20110421	4807	1	0	-150	-150	2147489792	正常
20110421	4807	多头	20110422	4828	1	0	105	105	2147489792	正常
20110422	4828	空头	20110425	4836	1	0	-40	-40	2147489792	正常
20110425	4836	多头	20110426	4855	1	0	95	95	2147489792	正常
20110426	4855	空头	20110427	4846	1	0	45	45	2147489792	正常
20110427	4846	多头	20110428	4872	1	0	130	130	2147490048	正常
20110428	4872	空头	20110429	4881	1	0	-45	-45	2147490048	正常
20110429	4881	多头	20110503	4916	1	0	175	175	2147490304	正常
20110503	4916	空头	20110504	4913	1	0	15	15	2147490304	正常
20110504	4913	多头	20110505	4892	1	0	-105	-105	2147490304	正常
20110505	4892	空头	20110506	4802	1	0	450	450	2147490816	正常
20110506	4802	多头	20110509	4810	1	0	40	40	2147490816	正常
20110509	4810	空头	20110510	4835	1	0	-125	-125	2147490816	正常
20110510	4835	多头	20110511	4815	1	0	-100	-100	2147490816	正常
20110511	4815	空头	20110512	4778	1	0	185	185	2147491072	正常
20110512	4778	多头	20110513	4847	1	0	345	345	2147491328	正常
20110513	4847	空头	20110516	4819	1	0	140	140	2147491584	正常
20110516	4819	多头	20110517	4823	1	0	20	20	2147491584	正常
20110517	4823	空头	20110518	4814	1	0	45	45	2147491584	正常
20110518	4814	多头	20110519	4826	1	0	60	60	2147491584	正常
20110519	4826	空头	20110520	4828	1	0	-10	-10	2147491584	正常
20110520	4828	多头	20110523	4798	1	0	-150	-150	2147491328	正常
20110523	4798	空头	20110524	4819	1	0	-105	-105	2147491328	正常
20110524	4819	多头	20110525	4844	1	0	125	125	2147491328	正常
20110525	4844	空头	20110526	4867	1	0	-115	-115	2147491328	正常
20110526	4867	多头	20110527	4866	1	0	-5	-5	2147491328	正常
20110527	4866	空头	20110530	4905	1	0	-195	-195	2147491072	正常
20110530	4905	多头	20110531	4900	1	0	-25	-25	2147491072	正常
20110531	4900	空头	20110601	4890	1	0	50	50	2147491072	正常
20110601	4890	多头	20110602	4879	1	0	-55	-55	2147491072	正常
20110602	4879	空头	20110603	4894	1	0	-75	-75	2147491072	正常
20110603	4894	多头	20110607	4907	1	0	65	65	2147491072	正常
20110607	4907	空头	20110608	4922	1	0	-75	-75	2147491072	正常
20110608	4922	多头	20110609	4890	1	0	-160	-160	2147490816	正常
20110609	4890	空头	20110610	4915	1	0	-125	-125	2147490816	正常
20110610	4915	多头	20110613	4880	1	0	-175	-175	2147490560	正常
20110613	4880	空头	20110614	4895	1	0	-75	-75	2147490560	正常
20110614	4895	多头	20110615	4882	1	0	-65	-65	2147490560	正常
20110615	4882	空头	20110616	4875	1	0	35	35	2147490560	正常
20110616	4875	多头	20110617	4837	1	0	-190	-190	2147490304	正常
20110617	4837	空头	20110620	4788	1	0	245	245	2147490560	正常
20110620	4788	多头	20110621	4820	1	0	160	160	2147490816	正常
20110621	4820	空头	20110622	4802	1	0	90	90	2147490816	正常
20110622	4802	多头	20110623	4848	1	0	230	230	2147491072	正常
20110623	4848	空头	20110624	4848	1	0	0	0	2147491072	正常
20110624	4848	多头	20110627	4847	1	0	-5	-5	2147491072	正常
20110627	4847	空头	20110628	4820	1	0	135	135	2147491328	正常
20110628	4820	多头	20110629	4831	1	0	55	55	2147491328	正常
20110629	4831	空头	20110630	4857	1	0	-130	-130	2147491072	正常
20110630	4857	多头	20110701	4844	1	0	-65	-65	2147491072	正常
20110701	4844	空头	20110704	4897	1	0	-265	-265	2147490816	正常
20110704	4897	多头	20110705	4903	1	0	30	30	2147490816	正常
20110705	4903	空头	20110706	4893	1	0	50	50	2147490816	正常
20110706	4893	多头	20110707	4904	1	0	55	55	2147490816	正常
20110707	4904	空头	20110708	4911	1	0	-35	-35	2147490816	正常
20110708	4911	多头	20110711	4943	1	0	160	160	2147491072	正常
20110711	4943	空头	20110712	4945	1	0	-10	-10	2147491072	正常
20110712	4945	多头	20110713	4994	1	0	245	245	2147491328	正常
20110713	4994	空头	20110714	4993	1	0	5	5	2147491328	正常
20110714	4993	多头	20110715	4985	1	0	-40	-40	2147491328	正常
20110715	4985	空头	20110718	4988	1	0	-15	-15	2147491328	正常
20110718	4988	多头	20110719	4997	1	0	45	45	2147491328	正常
20110719	4997	空头	20110720	4992	1	0	25	25	2147491328	正常
20110720	4992	多头	20110721	4990	1	0	-10	-10	2147491328	正常
20110721	4990	空头	20110722	5017	1	0	-135	-135	2147491072	正常
20110722	5017	多头	20110725	5000	1	0	-85	-85	2147491072	正常
20110725	5000	空头	20110726	5004	1	0	-20	-20	2147491072	正常
20110726	5004	多头	20110727	5006	1	0	10	10	2147491072	正常
20110727	5006	空头	20110728	5040	1	0	-170	-170	2147490816	正常
20110728	5040	多头	20110729	5028	1	0	-60	-60	2147490816	正常
20110729	5028	空头	20110801	5061	1	0	-165	-165	2147490560	正常
20110801	5061	多头	20110802	5028	1	0	-165	-165	2147490304	正常
20110802	5028	空头	20110803	5008	1	0	100	100	2147490304	正常
20110803	5008	多头	20110804	5017	1	0	45	45	2147490304	正常
20110804	5017	空头	20110805	5005	1	0	60	60	2147490304	正常
20110805	5005	多头	20110808	4975	1	0	-150	-150	2147490048	正常
20110808	4975	空头	20110809	4920	1	0	275	275	2147490304	正常
20110809	4920	多头	20110810	4940	1	0	100	100	2147490304	正常
20110810	4940	空头	20110811	4988	1	0	-240	-240	2147490048	正常
20110811	4988	多头	20110812	5005	1	0	85	85	2147490048	正常
20110812	5005	空头	20110815	5032	1	0	-135	-135	2147489792	正常
20110815	5032	多头	20110816	5028	1	0	-20	-20	2147489792	正常
20110816	5028	空头	20110817	4959	1	0	345	345	2147490048	正常
20110817	4959	多头	20110818	4972	1	0	65	65	2147490048	正常
20110818	4972	空头	20110819	4941	1	0	155	155	2147490304	正常
20110819	4941	多头	20110822	4949	1	0	40	40	2147490304	正常
20110822	4949	空头	20110824	4910	1	0	195	195	2147490560	正常
20110824	4910	多头	20110825	4950	1	0	200	200	2147490816	正常
20110825	4950	空头	20110829	4851	1	0	495	495	2147491328	正常
20110829	4851	多头	20110830	4809	1	0	-210	-210	2147491072	正常
20110830	4809	空头	20110831	4800	1	0	45	45	2147491072	正常
20110831	4800	多头	20110908	4780	1	0	-100	-100	2147491072	正常
20110908	4780	空头	20110913	4780	1	0	0	0	2147491072	正常
20110913	4780	多头	20110920	4685	1	0	-475	-475	2147490560	正常
20110920	4685	空头	20110923	4480	1	0	1025	1025	2147491584	正常
20110923	4480	多头	20111010	4423	1	0	-285	-285	2147491328	正常
20111010	4423	空头	20111011	4327	1	0	480	480	2147491840	正常
20111011	4327	多头	20111013	4383	1	0	280	280	2147492096	正常
20111013	4383	空头	20111014	4432	1	0	-245	-245	2147491840	正常
20111014	4432	多头	20111017	4300	1	0	-660	-660	2147491072	正常
20111017	4300	空头	20111018	4212	1	0	440	440	2147491584	正常
20111018	4212	多头	20111019	4119	1	0	-465	-465	2147491072	正常
20111019	4119	空头	20111020	4010	1	0	545	545	2147491584	正常
20111020	4010	多头	20111021	4026	1	0	80	80	2147491584	正常
20111021	4026	空头	20111024	4133	1	0	-535	-535	2147491072	正常
20111024	4133	多头	20111025	4110	1	0	-115	-115	2147491072	正常
20111025	4110	空头	20111026	4103	1	0	35	35	2147491072	正常
20111026	4103	多头	20111027	4114	1	0	55	55	2147491072	正常
20111027	4114	空头	20111028	4208	1	0	-470	-470	2147490560	正常
20111028	4208	多头	20111031	4150	1	0	-290	-290	2147490304	正常
20111031	4150	空头	20111101	4100	1	0	250	250	2147490560	正常
20111101	4100	多头	20111102	4044	1	0	-280	-280	2147490304	正常
20111102	4044	空头	20111103	4060	1	0	-80	-80	2147490304	正常
20111103	4060	多头	20111104	4153	1	0	465	465	2147490816	正常
20111104	4153	空头	20111107	4148	1	0	25	25	2147490816	正常
20111107	4148	多头	20111108	4180	1	0	160	160	2147491072	正常
20111108	4180	空头	20111109	4194	1	0	-70	-70	2147491072	正常
20111109	4194	多头	20111110	4104	1	0	-450	-450	2147490560	正常
20111110	4104	空头	20111111	4156	1	0	-260	-260	2147490304	正常
20111111	4156	多头	20111114	4192	1	0	180	180	2147490560	正常
20111114	4192	空头	20111115	4175	1	0	85	85	2147490560	正常
20111115	4175	多头	20111116	4155	1	0	-100	-100	2147490560	正常
20111116	4155	空头	20111117	4184	1	0	-145	-145	2147490304	正常
20111117	4184	多头	20111118	4155	1	0	-145	-145	2147490048	正常
20111118	4155	空头	20111121	4110	1	0	225	225	2147490304	正常
20111121	4110	多头	20111122	4100	1	0	-50	-50	2147490304	正常
20111122	4100	空头	20111123	4066	1	0	170	170	2147490560	正常
20111123	4066	多头	20111124	4085	1	0	95	95	2147490560	正常
20111124	4085	空头	20111125	4067	1	0	90	90	2147490560	正常
20111125	4067	多头	20111128	4099	1	0	160	160	2147490816	正常
20111128	4099	空头	20111129	4128	1	0	-145	-145	2147490560	正常
20111129	4128	多头	20111130	4099	1	0	-145	-145	2147490304	正常
20111130	4099	空头	20111201	4183	1	0	-420	-420	2147489792	正常
20111201	4183	多头	20111202	4157	1	0	-130	-130	2147489536	正常
20111202	4157	空头	20111205	4159	1	0	-10	-10	2147489536	正常
20111205	4159	多头	20111206	4134	1	0	-125	-125	2147489536	正常
20111206	4134	空头	20111207	4164	1	0	-150	-150	2147489280	正常
20111207	4164	多头	20111208	4155	1	0	-45	-45	2147489280	正常
20111208	4155	空头	20111209	4151	1	0	20	20	2147489280	正常
20111209	4151	多头	20111212	4136	1	0	-75	-75	2147489280	正常
20111212	4136	空头	20111213	4144	1	0	-40	-40	2147489280	正常
20111213	4144	多头	20111214	4146	1	0	10	10	2147489280	正常
20111214	4146	空头	20111215	4129	1	0	85	85	2147489280	正常
20111215	4129	多头	20111216	4173	1	0	220	220	2147489536	正常
20111216	4173	空头	20111219	4179	1	0	-30	-30	2147489536	正常
20111219	4179	多头	20111220	4186	1	0	35	35	2147489536	正常
20111220	4186	空头	20111221	4186	1	0	0	0	2147489536	正常
20111221	4186	多头	20111222	4189	1	0	15	15	2147489536	正常
20111222	4189	空头	20111223	4205	1	0	-80	-80	2147489536	正常
20111223	4205	多头	20111226	4224	1	0	95	95	2147489536	正常
20111226	4224	空头	20111227	4236	1	0	-60	-60	2147489536	正常
20111227	4236	多头	20111228	4230	1	0	-30	-30	2147489536	正常
20111228	4230	空头	20111229	4185	1	0	225	225	2147489792	正常
20111229	4185	多头	20111230	4184	1	0	-5	-5	2147489792	正常
20111230	4184	空头	20120104	4154	1	0	150	150	2147490048	正常
20120104	4154	多头	20120105	4170	1	0	80	80	2147490048	正常
20120105	4170	空头	20120106	4173	1	0	-15	-15	2147490048	正常
20120106	4173	多头	20120109	4180	1	0	35	35	2147490048	正常
20120109	4180	空头	20120110	4204	1	0	-120	-120	2147490048	正常
20120110	4204	多头	20120111	4216	1	0	60	60	2147490048	正常
20120111	4216	空头	20120112	4209	1	0	35	35	2147490048	正常
20120112	4209	多头	20120113	4215	1	0	30	30	2147490048	正常
20120113	4215	空头	20120116	4232	1	0	-85	-85	2147490048	正常
20120116	4232	多头	20120117	4288	1	0	280	280	2147490304	正常
20120117	4288	空头	20120118	4309	1	0	-105	-105	2147490304	正常
20120118	4309	多头	20120119	4314	1	0	25	25	2147490304	正常
20120119	4314	空头	20120120	4383	1	0	-345	-345	2147490048	正常
20120120	4383	多头	20120130	4324	1	0	-295	-295	2147489792	正常
20120130	4324	空头	20120131	4315	1	0	45	45	2147489792	正常
20120131	4315	多头	20120201	4311	1	0	-20	-20	2147489792	正常
20120201	4311	空头	20120202	4333	1	0	-110	-110	2147489792	正常
20120202	4333	多头	20120203	4366	1	0	165	165	2147490048	正常
20120203	4366	空头	20120206	4345	1	0	105	105	2147490048	正常
20120206	4345	多头	20120207	4280	1	0	-325	-325	2147489792	正常
20120207	4280	空头	20120208	4339	1	0	-295	-295	2147489536	正常
20120208	4339	多头	20120209	4313	1	0	-130	-130	2147489280	正常
20120209	4313	空头	20120210	4303	1	0	50	50	2147489280	正常
20120210	4303	多头	20120213	4282	1	0	-105	-105	2147489280	正常
20120213	4282	空头	20120214	4272	1	0	50	50	2147489280	正常
20120214	4272	多头	20120215	4239	1	0	-165	-165	2147489024	正常
20120215	4239	空头	20120216	4199	1	0	200	200	2147489280	正常
20120216	4199	多头	20120217	4171	1	0	-140	-140	2147489024	正常
20120217	4171	空头	20120220	4218	1	0	-235	-235	2147488768	正常
20120220	4218	多头	20120221	4245	1	0	135	135	2147489024	正常
20120221	4245	空头	20120222	4245	1	0	0	0	2147489024	正常
20120222	4245	多头	20120223	4226	1	0	-95	-95	2147489024	正常
20120223	4226	空头	20120224	4263	1	0	-185	-185	2147488768	正常
20120224	4263	多头	20120227	4316	1	0	265	265	2147489024	正常
20120227	4316	空头	20120228	4314	1	0	10	10	2147489024	正常
20120228	4314	多头	20120229	4304	1	0	-50	-50	2147489024	正常
20120229	4304	空头	20120301	4292	1	0	60	60	2147489024	正常
20120301	4292	多头	20120302	4305	1	0	65	65	2147489024	正常
20120302	4305	空头	20120305	4282	1	0	115	115	2147489024	正常
20120305	4282	多头	20120306	4278	1	0	-20	-20	2147489024	正常
20120306	4278	空头	20120307	4263	1	0	75	75	2147489024	正常
20120307	4263	多头	20120308	4285	1	0	110	110	2147489024	正常
20120308	4285	空头	20120309	4322	1	0	-185	-185	2147488768	正常
20120309	4322	多头	20120312	4328	1	0	30	30	2147488768	正常
20120312	4328	空头	20120313	4336	1	0	-40	-40	2147488768	正常
20120313	4336	多头	20120314	4320	1	0	-80	-80	2147488768	正常
20120314	4320	空头	20120315	4328	1	0	-40	-40	2147488768	正常
20120315	4328	多头	20120316	4329	1	0	5	5	2147488768	正常
20120316	4329	空头	20120319	4328	1	0	5	5	2147488768	正常
20120319	4328	多头	20120320	4325	1	0	-15	-15	2147488768	正常
20120320	4325	空头	20120321	4343	1	0	-90	-90	2147488768	正常
20120321	4343	多头	20120322	4338	1	0	-25	-25	2147488768	正常
20120322	4338	空头	20120323	4330	1	0	40	40	2147488768	正常
20120323	4330	多头	20120326	4342	1	0	60	60	2147488768	正常
20120326	4342	空头	20120327	4355	1	0	-65	-65	2147488768	正常
20120327	4355	多头	20120328	4337	1	0	-90	-90	2147488768	正常
20120328	4337	空头	20120329	4315	1	0	110	110	2147488768	正常
20120329	4315	多头	20120330	4310	1	0	-25	-25	2147488768	正常
20120330	4310	空头	20120405	4336	1	0	-130	-130	2147488512	正常
20120405	4336	多头	20120406	4362	1	0	130	130	2147488768	正常
20120406	4362	空头	20120409	4362	1	0	0	0	2147488768	正常
20120409	4362	多头	20120410	4363	1	0	5	5	2147488768	正常
20120410	4363	空头	20120411	4356	1	0	35	35	2147488768	正常
20120411	4356	多头	20120412	4384	1	0	140	140	2147489024	正常
20120412	4384	空头	20120413	4371	1	0	65	65	2147489024	正常
20120413	4371	多头	20120416	4317	1	0	-270	-270	2147488768	正常
20120416	4317	空头	20120417	4305	1	0	60	60	2147488768	正常
20120417	4305	多头	20120418	4339	1	0	170	170	2147489024	正常
20120418	4339	空头	20120419	4305	1	0	170	170	2147489280	正常
20120419	4305	多头	20120420	4309	1	0	20	20	2147489280	正常
20120420	4309	空头	20120423	4288	1	0	105	105	2147489280	正常
20120423	4288	多头	20120424	4279	1	0	-45	-45	2147489280	正常
20120424	4279	空头	20120425	4278	1	0	5	5	2147489280	正常
20120425	4278	多头	20120426	4290	1	0	60	60	2147489280	正常
20120426	4290	空头	20120427	4284	1	0	30	30	2147489280	正常
20120427	4284	多头	20120502	4268	1	0	-80	-80	2147489280	正常
20120502	4268	空头	20120503	4251	1	0	85	85	2147489280	正常
20120503	4251	多头	20120504	4273	1	0	110	110	2147489280	正常
20120504	4273	空头	20120507	4238	1	0	175	175	2147489536	正常
20120507	4238	多头	20120508	4238	1	0	0	0	2147489536	正常
20120508	4238	空头	20120509	4222	1	0	80	80	2147489536	正常
20120509	4222	多头	20120510	4224	1	0	10	10	2147489536	正常
20120510	4224	空头	20120511	4188	1	0	180	180	2147489792	正常
20120511	4188	多头	20120514	4180	1	0	-40	-40	2147489792	正常
20120514	4180	空头	20120515	4142	1	0	190	190	2147490048	正常
20120515	4142	多头	20120516	4091	1	0	-255	-255	2147489792	正常
20120516	4091	空头	20120517	4140	1	0	-245	-245	2147489536	正常
20120517	4140	多头	20120518	4135	1	0	-25	-25	2147489536	正常
20120518	4135	空头	20120521	4134	1	0	5	5	2147489536	正常
20120521	4134	多头	20120522	4107	1	0	-135	-135	2147489280	正常
20120522	4107	空头	20120523	4051	1	0	280	280	2147489536	正常
20120523	4051	多头	20120524	4078	1	0	135	135	2147489792	正常
20120524	4078	空头	20120525	4084	1	0	-30	-30	2147489792	正常
20120525	4084	多头	20120528	4118	1	0	170	170	2147490048	正常
20120528	4118	空头	20120529	4160	1	0	-210	-210	2147489792	正常
20120529	4160	多头	20120530	4125	1	0	-175	-175	2147489536	正常
20120530	4125	空头	20120531	4132	1	0	-35	-35	2147489536	正常
20120531	4132	多头	20120601	4121	1	0	-55	-55	2147489536	正常
20120601	4121	空头	20120604	4087	1	0	170	170	2147489792	正常
20120604	4087	多头	20120605	4123	1	0	180	180	2147490048	正常
20120605	4123	空头	20120606	4131	1	0	-40	-40	2147490048	正常
20120606	4131	多头	20120607	4138	1	0	35	35	2147490048	正常
20120607	4138	空头	20120608	4140	1	0	-10	-10	2147490048	正常
20120608	4140	多头	20120611	4141	1	0	5	5	2147490048	正常
20120611	4141	空头	20120612	4123	1	0	90	90	2147490048	正常
20120612	4123	多头	20120613	4126	1	0	15	15	2147490048	正常
20120613	4126	空头	20120614	4132	1	0	-30	-30	2147490048	正常
20120614	4132	多头	20120615	4168	1	0	180	180	2147490304	正常
20120615	4168	空头	20120618	4142	1	0	130	130	2147490560	正常
20120618	4142	多头	20120619	4145	1	0	15	15	2147490560	正常
20120619	4145	空头	20120620	4165	1	0	-100	-100	2147490560	正常
20120620	4165	多头	20120621	4139	1	0	-130	-130	2147490304	正常
20120621	4139	空头	20120625	4125	1	0	70	70	2147490304	正常
20120625	4125	多头	20120626	4113	1	0	-60	-60	2147490304	正常
20120626	4113	空头	20120627	4109	1	0	20	20	2147490304	正常
20120627	4109	多头	20120628	4130	1	0	105	105	2147490304	正常
20120628	4130	空头	20120629	4134	1	0	-20	-20	2147490304	正常
20120629	4134	多头	20120702	4078	1	0	-280	-280	2147490048	正常
20120702	4078	空头	20120703	4111	1	0	-165	-165	2147489792	正常
20120703	4111	多头	20120704	4123	1	0	60	60	2147489792	正常
20120704	4123	空头	20120705	4128	1	0	-25	-25	2147489792	正常
20120705	4128	多头	20120706	4128	1	0	0	0	2147489792	正常
20120706	4128	空头	20120709	4071	1	0	285	285	2147490048	正常
20120709	4071	多头	20120710	4040	1	0	-155	-155	2147489792	正常
20120710	4040	空头	20120711	4028	1	0	60	60	2147489792	正常
20120711	4028	多头	20120712	4026	1	0	-10	-10	2147489792	正常
20120712	4026	空头	20120713	4015	1	0	55	55	2147489792	正常
20120713	4015	多头	20120716	3959	1	0	-280	-280	2147489536	正常
20120716	3959	空头	20120717	3922	1	0	185	185	2147489792	正常
20120717	3922	多头	20120718	3905	1	0	-85	-85	2147489792	正常
20120718	3905	空头	20120719	3883	1	0	110	110	2147489792	正常
20120719	3883	多头	20120720	3834	1	0	-245	-245	2147489536	正常
20120720	3834	空头	20120723	3810	1	0	120	120	2147489536	正常
20120723	3810	多头	20120724	3819	1	0	45	45	2147489536	正常
20120724	3819	空头	20120725	3810	1	0	45	45	2147489536	正常
20120725	3810	多头	20120726	3828	1	0	90	90	2147489536	正常
20120726	3828	空头	20120727	3835	1	0	-35	-35	2147489536	正常
20120727	3835	多头	20120730	3828	1	0	-35	-35	2147489536	正常
20120730	3828	空头	20120731	3790	1	0	190	190	2147489792	正常
20120731	3790	多头	20120801	3741	1	0	-245	-245	2147489536	正常
20120801	3741	空头	20120802	3711	1	0	150	150	2147489792	正常
20120802	3711	多头	20120803	3681	1	0	-150	-150	2147489536	正常
20120803	3681	空头	20120806	3670	1	0	55	55	2147489536	正常
20120806	3670	多头	20120807	3662	1	0	-40	-40	2147489536	正常
20120807	3662	空头	20120808	3651	1	0	55	55	2147489536	正常
20120808	3651	多头	20120809	3647	1	0	-20	-20	2147489536	正常
20120809	3647	空头	20120810	3668	1	0	-105	-105	2147489536	正常
20120810	3668	多头	20120813	3653	1	0	-75	-75	2147489536	正常
20120813	3653	空头	20120814	3648	1	0	25	25	2147489536	正常
20120814	3648	多头	20120815	3650	1	0	10	10	2147489536	正常
20120815	3650	空头	20120816	3639	1	0	55	55	2147489536	正常
20120816	3639	多头	20120817	3632	1	0	-35	-35	2147489536	正常
20120817	3632	空头	20120821	3624	1	0	40	40	2147489536	正常
20120821	3624	多头	20120822	3594	1	0	-150	-150	2147489280	正常
20120822	3594	空头	20120824	3579	1	0	75	75	2147489280	正常
20120824	3579	多头	20120827	3560	1	0	-95	-95	2147489280	正常
20120827	3560	空头	20120828	3460	1	0	500	500	2147489792	正常
20120828	3460	多头	20120829	3460	1	0	0	0	2147489792	正常
20120829	3460	空头	20120830	3460	1	0	0	0	2147489792	正常
20120830	3460	多头	20120831	3483	1	0	115	115	2147489792	正常
20120831	3483	空头	20120904	3401	1	0	410	410	2147490304	正常
20120904	3401	多头	20120905	3351	1	0	-250	-250	2147490048	正常
20120905	3351	空头	20120906	3400	1	0	-245	-245	2147489792	正常
20120906	3400	多头	20120918	3744	1	0	1720	1720	2147491584	正常
20120918	3744	空头	20120919	3770	1	0	-130	-130	2147491328	正常
20120919	3770	多头	20120920	3660	1	0	-550	-550	2147490816	正常
20120920	3660	空头	20120921	3625	1	0	175	175	2147491072	正常
20120921	3625	多头	20120924	3730	1	0	525	525	2147491584	正常
20120924	3730	空头	20120925	3680	1	0	250	250	2147491840	正常
20120925	3680	多头	20120926	3666	1	0	-70	-70	2147491840	正常
20120926	3666	空头	20120927	3704	1	0	-190	-190	2147491584	正常
20120927	3704	多头	20120928	3707	1	0	15	15	2147491584	正常
20120928	3707	空头	20121008	3736	1	0	-145	-145	2147491328	正常
20121008	3736	多头	20121009	3765	1	0	145	145	2147491584	正常
20121009	3765	空头	20121010	3774	1	0	-45	-45	2147491584	正常
20121010	3774	多头	20121011	3741	1	0	-165	-165	2147491328	正常
20121011	3741	空头	20121012	3742	1	0	-5	-5	2147491328	正常
20121012	3742	多头	20121015	3641	1	0	-505	-505	2147490816	正常
20121015	3641	空头	20121016	3639	1	0	10	10	2147490816	正常
20121016	3639	多头	20121017	3691	1	0	260	260	2147491072	正常
20121017	3691	空头	20121018	3710	1	0	-95	-95	2147491072	正常
20121018	3710	多头	20121019	3701	1	0	-45	-45	2147491072	正常
20121019	3701	空头	20121022	3748	1	0	-235	-235	2147490816	正常
20121022	3748	多头	20121023	3713	1	0	-175	-175	2147490560	正常
20121023	3713	空头	20121024	3727	1	0	-70	-70	2147490560	正常
20121024	3727	多头	20121025	3730	1	0	15	15	2147490560	正常
20121025	3730	空头	20121026	3727	1	0	15	15	2147490560	正常
20121026	3727	多头	20121029	3680	1	0	-235	-235	2147490304	正常
20121029	3680	空头	20121030	3672	1	0	40	40	2147490304	正常
20121030	3672	多头	20121031	3680	1	0	40	40	2147490304	正常
20121031	3680	空头	20121101	3709	1	0	-145	-145	2147490048	正常
20121101	3709	多头	20121102	3712	1	0	15	15	2147490048	正常
20121102	3712	空头	20121105	3684	1	0	140	140	2147490304	正常
20121105	3684	多头	20121106	3689	1	0	25	25	2147490304	正常
20121106	3689	空头	20121107	3683	1	0	30	30	2147490304	正常
20121107	3683	多头	20121108	3675	1	0	-40	-40	2147490304	正常
20121108	3675	空头	20121109	3685	1	0	-50	-50	2147490304	正常
20121109	3685	多头	20121112	3712	1	0	135	135	2147490560	正常
20121112	3712	空头	20121113	3692	1	0	100	100	2147490560	正常
20121113	3692	多头	20121114	3691	1	0	-5	-5	2147490560	正常
20121114	3691	空头	20121115	3686	1	0	25	25	2147490560	正常
20121115	3686	多头	20121116	3684	1	0	-10	-10	2147490560	正常
20121116	3684	空头	20121119	3600	1	0	420	420	2147491072	正常
20121119	3600	多头	20121120	3606	1	0	30	30	2147491072	正常
20121120	3606	空头	20121121	3625	1	0	-95	-95	2147491072	正常
20121121	3625	多头	20121122	3621	1	0	-20	-20	2147491072	正常
20121122	3621	空头	20121123	3618	1	0	15	15	2147491072	正常
20121123	3618	多头	20121126	3615	1	0	-15	-15	2147491072	正常
20121126	3615	空头	20121127	3583	1	0	160	160	2147491328	正常
20121127	3583	多头	20121128	3581	1	0	-10	-10	2147491328	正常
20121128	3581	空头	20121129	3523	1	0	290	290	2147491584	正常
20121129	3523	多头	20121130	3550	1	0	135	135	2147491840	正常
20121130	3550	空头	20121203	3595	1	0	-225	-225	2147491584	正常
20121203	3595	多头	20121204	3607	1	0	60	60	2147491584	正常
20121204	3607	空头	20121205	3664	1	0	-285	-285	2147491328	正常
20121205	3664	多头	20121206	3648	1	0	-80	-80	2147491328	正常
20121206	3648	空头	20121207	3693	1	0	-225	-225	2147491072	正常
20121207	3693	多头	20121210	3719	1	0	130	130	2147491328	正常
20121210	3719	空头	20121211	3707	1	0	60	60	2147491328	正常
20121211	3707	多头	20121212	3732	1	0	125	125	2147491328	正常
20121212	3732	空头	20121213	3719	1	0	65	65	2147491328	正常
20121213	3719	多头	20121214	3801	1	0	410	410	2147491840	正常
20121214	3801	空头	20121217	3827	1	0	-130	-130	2147491584	正常
20121217	3827	多头	20121218	3823	1	0	-20	-20	2147491584	正常
20121218	3823	空头	20121219	3823	1	0	0	0	2147491584	正常
20121219	3823	多头	20121220	3795	1	0	-140	-140	2147491328	正常
20121220	3795	空头	20121221	3802	1	0	-35	-35	2147491328	正常
20121221	3802	多头	20121224	3808	1	0	30	30	2147491328	正常
20121224	3808	空头	20121225	3883	1	0	-375	-375	2147491072	正常
20121225	3883	多头	20121226	3904	1	0	105	105	2147491072	正常
20121226	3904	空头	20121227	3895	1	0	45	45	2147491072	正常
20121227	3895	多头	20121228	3928	1	0	165	165	2147491328	正常
20121228	3928	空头	20121231	3992	1	0	-320	-320	2147491072	正常
20121231	3992	多头	20130104	4002	1	0	50	50	2147491072	正常
20130104	4002	空头	20130107	4020	1	0	-90	-90	2147491072	正常
20130107	4020	多头	20130108	4022	1	0	10	10	2147491072	正常
20130108	4022	空头	20130109	4011	1	0	55	55	2147491072	正常
20130109	4011	多头	20130110	4030	1	0	95	95	2147491072	正常
20130110	4030	空头	20130111	3934	1	0	480	480	2147491584	正常
20130111	3934	多头	20130114	4004	1	0	350	350	2147491840	正常
20130114	4004	空头	20130115	3988	1	0	80	80	2147491840	正常
20130115	3988	多头	20130116	3945	1	0	-215	-215	2147491584	正常
20130116	3945	空头	20130117	3950	1	0	-25	-25	2147491584	正常
20130117	3950	多头	20130118	4008	1	0	290	290	2147491840	正常
20130118	4008	空头	20130121	3985	1	0	115	115	2147491840	正常
20130121	3985	多头	20130122	3996	1	0	55	55	2147491840	正常
20130122	3996	空头	20130123	4056	1	0	-300	-300	2147491584	正常
20130123	4056	多头	20130124	4042	1	0	-70	-70	2147491584	正常
20130124	4042	空头	20130125	4085	1	0	-215	-215	2147491328	正常
20130125	4085	多头	20130128	4095	1	0	50	50	2147491328	正常
20130128	4095	空头	20130129	4093	1	0	10	10	2147491328	正常
20130129	4093	多头	20130130	4141	1	0	240	240	2147491584	正常
20130130	4141	空头	20130131	4142	1	0	-5	-5	2147491584	正常
20130131	4142	多头	20130201	4186	1	0	220	220	2147491840	正常
20130201	4186	空头	20130204	4236	1	0	-250	-250	2147491584	正常
20130204	4236	多头	20130205	4238	1	0	10	10	2147491584	正常
20130205	4238	空头	20130206	4190	1	0	240	240	2147491840	正常
20130206	4190	多头	20130207	4220	1	0	150	150	2147492096	正常
20130207	4220	空头	20130208	4211	1	0	45	45	2147492096	正常
20130208	4211	多头	20130218	4132	1	0	-395	-395	2147491584	正常
20130218	4132	空头	20130219	4151	1	0	-95	-95	2147491584	正常
20130219	4151	多头	20130220	4136	1	0	-75	-75	2147491584	正常
20130220	4136	空头	20130221	4064	1	0	360	360	2147491840	正常
20130221	4064	多头	20130222	4012	1	0	-260	-260	2147491584	正常
20130222	4012	空头	20130225	3996	1	0	80	80	2147491584	正常
20130225	3996	多头	20130226	3935	1	0	-305	-305	2147491328	正常
20130226	3935	空头	20130227	3973	1	0	-190	-190	2147491072	正常
20130227	3973	多头	20130228	4039	1	0	330	330	2147491328	正常
20130228	4039	空头	20130301	4002	1	0	185	185	2147491584	正常
20130301	4002	多头	20130304	3899	1	0	-515	-515	2147491072	正常
20130304	3899	空头	20130305	3923	1	0	-120	-120	2147491072	正常
20130305	3923	多头	20130306	3932	1	0	45	45	2147491072	正常
20130306	3932	空头	20130307	3926	1	0	30	30	2147491072	正常
20130307	3926	多头	20130308	3930	1	0	20	20	2147491072	正常
20130308	3930	空头	20130311	3917	1	0	65	65	2147491072	正常
20130311	3917	多头	20130312	3904	1	0	-65	-65	2147491072	正常
20130312	3904	空头	20130313	3848	1	0	280	280	2147491328	正常
20130313	3848	多头	20130314	3784	1	0	-320	-320	2147491072	正常
20130314	3784	空头	20130315	3877	1	0	-465	-465	2147490560	正常
20130315	3877	多头	20130318	3841	1	0	-180	-180	2147490304	正常
20130318	3841	空头	20130319	3859	1	0	-90	-90	2147490304	正常
20130319	3859	多头	20130320	3888	1	0	145	145	2147490560	正常
20130320	3888	空头	20130321	3919	1	0	-155	-155	2147490304	正常
20130321	3919	多头	20130322	3891	1	0	-140	-140	2147490048	正常
20130322	3891	空头	20130325	3916	1	0	-125	-125	2147490048	正常
20130325	3916	多头	20130326	3891	1	0	-125	-125	2147490048	正常
20130326	3891	空头	20130327	3890	1	0	5	5	2147490048	正常
20130327	3890	多头	20130328	3823	1	0	-335	-335	2147489792	正常
20130328	3823	空头	20130329	3804	1	0	95	95	2147489792	正常
20130329	3804	多头	20130401	3730	1	0	-370	-370	2147489536	正常
20130401	3730	空头	20130402	3762	1	0	-160	-160	2147489280	正常
20130402	3762	多头	20130403	3800	1	0	190	190	2147489536	正常
20130403	3800	空头	20130408	3832	1	0	-160	-160	2147489280	正常
20130408	3832	多头	20130409	3844	1	0	60	60	2147489280	正常
20130409	3844	空头	20130410	3838	1	0	30	30	2147489280	正常
20130410	3838	多头	20130411	3813	1	0	-125	-125	2147489280	正常
20130411	3813	空头	20130412	3827	1	0	-70	-70	2147489280	正常
20130412	3827	多头	20130415	3722	1	0	-525	-525	2147488768	正常
20130415	3722	空头	20130416	3731	1	0	-45	-45	2147488768	正常
20130416	3731	多头	20130417	3682	1	0	-245	-245	2147488512	正常
20130417	3682	空头	20130418	3630	1	0	260	260	2147488768	正常
20130418	3630	多头	20130419	3667	1	0	185	185	2147489024	正常
20130419	3667	空头	20130422	3627	1	0	200	200	2147489280	正常
20130422	3627	多头	20130423	3580	1	0	-235	-235	2147489024	正常
20130423	3580	空头	20130424	3625	1	0	-225	-225	2147488768	正常
20130424	3625	多头	20130424	3625	1	0	0	0	2147488768	正常
