20090327	3663	多头	20090330	3580	1	0	-415	-415	2147483264	正常
20090330	3580	空头	20090331	3566	1	0	70	70	2147483392	正常
20090331	3566	多头	20090401	3561	1	0	-25	-25	2147483392	正常
20090401	3561	空头	20090402	3548	1	0	65	65	2147483520	正常
20090402	3548	多头	20090403	3481	1	0	-335	-335	2147483136	正常
20090403	3481	空头	20090407	3518	1	0	-185	-185	2147483008	正常
20090407	3518	多头	20090408	3491	1	0	-135	-135	2147482880	正常
20090408	3491	空头	20090409	3486	1	0	25	25	2147482880	正常
20090409	3486	多头	20090410	3499	1	0	65	65	2147483008	正常
20090410	3499	空头	20090413	3493	1	0	30	30	2147483008	正常
20090413	3493	多头	20090414	3600	1	0	535	535	2147483520	正常
20090414	3600	空头	20090415	3590	1	0	50	50	2147483520	正常
20090415	3590	多头	20090416	3628	1	0	190	190	2147483648	正常
20090416	3628	空头	20090417	3648	1	0	-100	-100	2147483520	正常
20090417	3648	多头	20090420	3648	1	0	0	0	2147483520	正常
20090420	3648	空头	20090421	3590	1	0	290	290	2147483904	正常
20090421	3590	多头	20090422	3566	1	0	-120	-120	2147483904	正常
20090422	3566	空头	20090423	3531	1	0	175	175	2147484160	正常
20090423	3531	多头	20090424	3522	1	0	-45	-45	2147484160	正常
20090424	3522	空头	20090427	3520	1	0	10	10	2147484160	正常
20090427	3520	多头	20090428	3515	1	0	-25	-25	2147484160	正常
20090428	3515	空头	20090429	3520	1	0	-25	-25	2147484160	正常
20090429	3520	多头	20090430	3575	1	0	275	275	2147484416	正常
20090430	3575	空头	20090504	3660	1	0	-425	-425	2147483904	正常
20090504	3660	多头	20090505	3644	1	0	-80	-80	2147483904	正常
20090505	3644	空头	20090506	3598	1	0	230	230	2147484160	正常
20090506	3598	多头	20090507	3630	1	0	160	160	2147484416	正常
20090507	3630	空头	20090508	3616	1	0	70	70	2147484416	正常
20090508	3616	多头	20090511	3678	1	0	310	310	2147484672	正常
20090511	3678	空头	20090512	3660	1	0	90	90	2147484672	正常
20090512	3660	多头	20090513	3657	1	0	-15	-15	2147484672	正常
20090513	3657	空头	20090514	3620	1	0	185	185	2147484928	正常
20090514	3620	多头	20090515	3618	1	0	-10	-10	2147484928	正常
20090515	3618	空头	20090518	3612	1	0	30	30	2147484928	正常
20090518	3612	多头	20090519	3630	1	0	90	90	2147484928	正常
20090519	3630	空头	20090520	3644	1	0	-70	-70	2147484928	正常
20090520	3644	多头	20090521	3642	1	0	-10	-10	2147484928	正常
20090521	3642	空头	20090522	3627	1	0	75	75	2147484928	正常
20090522	3627	多头	20090525	3629	1	0	10	10	2147484928	正常
20090525	3629	空头	20090526	3620	1	0	45	45	2147484928	正常
20090526	3620	多头	20090527	3628	1	0	40	40	2147484928	正常
20090527	3628	空头	20090601	3657	1	0	-145	-145	2147484672	正常
20090601	3657	多头	20090602	3682	1	0	125	125	2147484672	正常
20090602	3682	空头	20090603	3672	1	0	50	50	2147484672	正常
20090603	3672	多头	20090604	3712	1	0	200	200	2147484928	正常
20090604	3712	空头	20090605	3778	1	0	-330	-330	2147484672	正常
20090605	3778	多头	20090608	3793	1	0	75	75	2147484672	正常
20090608	3793	空头	20090609	3807	1	0	-70	-70	2147484672	正常
20090609	3807	多头	20090610	3813	1	0	30	30	2147484672	正常
20090610	3813	空头	20090611	3940	1	0	-635	-635	2147484160	正常
20090611	3940	多头	20090612	3928	1	0	-60	-60	2147484160	正常
20090612	3928	空头	20090615	3877	1	0	255	255	2147484416	正常
20090615	3877	多头	20090616	3882	1	0	25	25	2147484416	正常
20090616	3882	空头	20090617	3878	1	0	20	20	2147484416	正常
20090617	3878	多头	20090618	3865	1	0	-65	-65	2147484416	正常
20090618	3865	空头	20090619	3920	1	0	-275	-275	2147484160	正常
20090619	3920	多头	20090622	3936	1	0	80	80	2147484160	正常
20090622	3936	空头	20090623	3900	1	0	180	180	2147484416	正常
20090623	3900	多头	20090624	3897	1	0	-15	-15	2147484416	正常
20090624	3897	空头	20090625	3888	1	0	45	45	2147484416	正常
20090625	3888	多头	20090626	3887	1	0	-5	-5	2147484416	正常
20090626	3887	空头	20090629	3853	1	0	170	170	2147484672	正常
20090629	3853	多头	20090630	3840	1	0	-65	-65	2147484672	正常
20090630	3840	空头	20090701	3845	1	0	-25	-25	2147484672	正常
20090701	3845	多头	20090702	3878	1	0	165	165	2147484928	正常
20090702	3878	空头	20090703	3883	1	0	-25	-25	2147484928	正常
20090703	3883	多头	20090706	3874	1	0	-45	-45	2147484928	正常
20090706	3874	空头	20090707	3880	1	0	-30	-30	2147484928	正常
20090707	3880	多头	20090708	3870	1	0	-50	-50	2147484928	正常
20090708	3870	空头	20090709	3868	1	0	10	10	2147484928	正常
20090709	3868	多头	20090710	3892	1	0	120	120	2147484928	正常
20090710	3892	空头	20090713	3913	1	0	-105	-105	2147484928	正常
20090713	3913	多头	20090714	3908	1	0	-25	-25	2147484928	正常
20090714	3908	空头	20090715	3975	1	0	-335	-335	2147484672	正常
20090715	3975	多头	20090716	4028	1	0	265	265	2147484928	正常
20090716	4028	空头	20090717	4012	1	0	80	80	2147484928	正常
20090717	4012	多头	20090720	4002	1	0	-50	-50	2147484928	正常
20090720	4002	空头	20090721	4025	1	0	-115	-115	2147484928	正常
20090721	4025	多头	20090722	4069	1	0	220	220	2147485184	正常
20090722	4069	空头	20090723	4105	1	0	-180	-180	2147484928	正常
20090723	4105	多头	20090724	4195	1	0	450	450	2147485440	正常
20090724	4195	空头	20090727	4283	1	0	-440	-440	2147484928	正常
20090727	4283	多头	20090728	4319	1	0	180	180	2147485184	正常
20090728	4319	空头	20090729	4368	1	0	-245	-245	2147484928	正常
20090729	4368	多头	20090730	4399	1	0	155	155	2147485184	正常
20090730	4399	空头	20090731	4579	1	0	-900	-900	2147484160	正常
20090731	4579	多头	20090803	4804	1	0	1125	1125	2147485184	正常
20090803	4804	空头	20090804	4931	1	0	-635	-635	2147484672	正常
20090804	4931	多头	20090805	4928	1	0	-15	-15	2147484672	正常
20090805	4928	空头	20090806	4996	1	0	-340	-340	2147484416	正常
20090806	4996	多头	20090807	4980	1	0	-80	-80	2147484416	正常
20090807	4980	空头	20090810	4905	1	0	375	375	2147484672	正常
20090810	4905	多头	20090811	4920	1	0	75	75	2147484672	正常
20090811	4920	空头	20090812	4887	1	0	165	165	2147484928	正常
20090812	4887	多头	20090813	4830	1	0	-285	-285	2147484672	正常
20090813	4830	空头	20090814	4750	1	0	400	400	2147485184	正常
20090814	4750	多头	20090817	4650	1	0	-500	-500	2147484672	正常
20090817	4650	空头	20090818	4680	1	0	-150	-150	2147484416	正常
20090818	4680	多头	20090819	4570	1	0	-550	-550	2147483904	正常
20090819	4570	空头	20090820	4460	1	0	550	550	2147484416	正常
20090820	4460	多头	20090821	4560	1	0	500	500	2147484928	正常
20090821	4560	空头	20090824	4620	1	0	-300	-300	2147484672	正常
20090824	4620	多头	20090825	4518	1	0	-510	-510	2147484160	正常
20090825	4518	空头	20090826	4417	1	0	505	505	2147484672	正常
20090826	4417	多头	20090827	4409	1	0	-40	-40	2147484672	正常
20090827	4409	空头	20090828	4381	1	0	140	140	2147484928	正常
20090828	4381	多头	20090831	4294	1	0	-435	-435	2147484416	正常
20090831	4294	空头	20090901	4107	1	0	935	935	2147485440	正常
20090901	4107	多头	20090902	3938	1	0	-845	-845	2147484672	正常
20090902	3938	空头	20090903	3930	1	0	40	40	2147484672	正常
20090903	3930	多头	20090904	3927	1	0	-15	-15	2147484672	正常
20090904	3927	空头	20090907	3860	1	0	335	335	2147484928	正常
20090907	3860	多头	20090908	3750	1	0	-550	-550	2147484416	正常
20090908	3750	空头	20090909	3772	1	0	-110	-110	2147484416	正常
20090909	3772	多头	20090910	3764	1	0	-40	-40	2147484416	正常
20090910	3764	空头	20090911	3740	1	0	120	120	2147484416	正常
20090911	3740	多头	20090914	3710	1	0	-150	-150	2147484160	正常
20090914	3710	空头	20090915	3699	1	0	55	55	2147484160	正常
20090915	3699	多头	20090918	4349	1	0	3250	3250	2147487488	正常
20090918	4349	空头	20090921	4385	1	0	-180	-180	2147487232	正常
20090921	4385	多头	20090922	4343	1	0	-210	-210	2147486976	正常
20090922	4343	空头	20090923	4327	1	0	80	80	2147486976	正常
20090923	4327	多头	20090924	4250	1	0	-385	-385	2147486464	正常
20090924	4250	空头	20090925	4189	1	0	305	305	2147486720	正常
20090925	4189	多头	20090928	4110	1	0	-395	-395	2147486208	正常
20090928	4110	空头	20090929	4099	1	0	55	55	2147486208	正常
20090929	4099	多头	20090930	4098	1	0	-5	-5	2147486208	正常
20090930	4098	空头	20091009	4125	1	0	-135	-135	2147485952	正常
20091009	4125	多头	20091012	4060	1	0	-325	-325	2147485696	正常
20091012	4060	空头	20091013	4016	1	0	220	220	2147485952	正常
20091013	4016	多头	20091014	4020	1	0	20	20	2147485952	正常
20091014	4020	空头	20091015	4052	1	0	-160	-160	2147485696	正常
20091015	4052	多头	20091016	4075	1	0	115	115	2147485696	正常
20091016	4075	空头	20091019	4200	1	0	-625	-625	2147485184	正常
20091019	4200	多头	20091020	4130	1	0	-350	-350	2147484928	正常
20091020	4130	空头	20091021	4160	1	0	-150	-150	2147484672	正常
20091021	4160	多头	20091022	4180	1	0	100	100	2147484672	正常
20091022	4180	空头	20091023	4194	1	0	-70	-70	2147484672	正常
20091023	4194	多头	20091026	4305	1	0	555	555	2147485184	正常
20091026	4305	空头	20091027	4303	1	0	10	10	2147485184	正常
20091027	4303	多头	20091028	4280	1	0	-115	-115	2147485184	正常
20091028	4280	空头	20091029	4215	1	0	325	325	2147485440	正常
20091029	4215	多头	20091030	4295	1	0	400	400	2147485952	正常
20091030	4295	空头	20091102	4266	1	0	145	145	2147486208	正常
20091102	4266	多头	20091103	4282	1	0	80	80	2147486208	正常
20091103	4282	空头	20091104	4261	1	0	105	105	2147486208	正常
20091104	4261	多头	20091105	4320	1	0	295	295	2147486464	正常
20091105	4320	空头	20091106	4408	1	0	-440	-440	2147485952	正常
20091106	4408	多头	20091109	4573	1	0	825	825	2147486720	正常
20091109	4573	空头	20091110	4537	1	0	180	180	2147486976	正常
20091110	4537	多头	20091111	4548	1	0	55	55	2147486976	正常
20091111	4548	空头	20091112	4547	1	0	5	5	2147486976	正常
20091112	4547	多头	20091113	4560	1	0	65	65	2147486976	正常
20091113	4560	空头	20091116	4658	1	0	-490	-490	2147486464	正常
20091116	4658	多头	20091117	4605	1	0	-265	-265	2147486208	正常
20091117	4605	空头	20091118	4619	1	0	-70	-70	2147486208	正常
20091118	4619	多头	20091119	4678	1	0	295	295	2147486464	正常
20091119	4678	空头	20091120	4720	1	0	-210	-210	2147486208	正常
20091120	4720	多头	20091123	4704	1	0	-80	-80	2147486208	正常
20091123	4704	空头	20091124	4882	1	0	-890	-890	2147485440	正常
20091124	4882	多头	20091125	4716	1	0	-830	-830	2147484672	正常
20091125	4716	空头	20091126	4750	1	0	-170	-170	2147484416	正常
20091126	4750	多头	20091127	4677	1	0	-365	-365	2147484160	正常
20091127	4677	空头	20091130	4634	1	0	215	215	2147484416	正常
20091130	4634	多头	20091201	4637	1	0	15	15	2147484416	正常
20091201	4637	空头	20091202	4650	1	0	-65	-65	2147484416	正常
20091202	4650	多头	20091203	4669	1	0	95	95	2147484416	正常
20091203	4669	空头	20091204	4658	1	0	55	55	2147484416	正常
20091204	4658	多头	20091207	4699	1	0	205	205	2147484672	正常
20091207	4699	空头	20091208	4666	1	0	165	165	2147484928	正常
20091208	4666	多头	20091209	4604	1	0	-310	-310	2147484672	正常
20091209	4604	空头	20091210	4625	1	0	-105	-105	2147484672	正常
20091210	4625	多头	20091211	4682	1	0	285	285	2147484928	正常
20091211	4682	空头	20091214	4699	1	0	-85	-85	2147484928	正常
20091214	4699	多头	20091215	4718	1	0	95	95	2147484928	正常
20091215	4718	空头	20091216	4665	1	0	265	265	2147485184	正常
20091216	4665	多头	20091217	4688	1	0	115	115	2147485184	正常
20091217	4688	空头	20091218	4660	1	0	140	140	2147485440	正常
20091218	4660	多头	20091221	4630	1	0	-150	-150	2147485184	正常
20091221	4630	空头	20091222	4639	1	0	-45	-45	2147485184	正常
20091222	4639	多头	20091223	4629	1	0	-50	-50	2147485184	正常
20091223	4629	空头	20091224	4658	1	0	-145	-145	2147484928	正常
20091224	4658	多头	20091225	4667	1	0	45	45	2147484928	正常
20091225	4667	空头	20091228	4696	1	0	-145	-145	2147484672	正常
20091228	4696	多头	20091229	4698	1	0	10	10	2147484672	正常
20091229	4698	空头	20091230	4673	1	0	125	125	2147484672	正常
20091230	4673	多头	20091231	4670	1	0	-15	-15	2147484672	正常
20091231	4670	空头	20100104	4722	1	0	-260	-260	2147484416	正常
20100104	4722	多头	20100105	4721	1	0	-5	-5	2147484416	正常
20100105	4721	空头	20100106	4745	1	0	-120	-120	2147484416	正常
20100106	4745	多头	20100107	4782	1	0	185	185	2147484672	正常
20100107	4782	空头	20100108	4680	1	0	510	510	2147485184	正常
20100108	4680	多头	20100111	4790	1	0	550	550	2147485696	正常
20100111	4790	空头	20100112	4724	1	0	330	330	2147485952	正常
20100112	4724	多头	20100113	4650	1	0	-370	-370	2147485696	正常
20100113	4650	空头	20100114	4679	1	0	-145	-145	2147485440	正常
20100114	4679	多头	20100115	4655	1	0	-120	-120	2147485440	正常
20100115	4655	空头	20100118	4630	1	0	125	125	2147485440	正常
20100118	4630	多头	20100119	4659	1	0	145	145	2147485696	正常
20100119	4659	空头	20100120	4640	1	0	95	95	2147485696	正常
20100120	4640	多头	20100121	4619	1	0	-105	-105	2147485696	正常
20100121	4619	空头	20100122	4596	1	0	115	115	2147485696	正常
20100122	4596	多头	20100125	4536	1	0	-300	-300	2147485440	正常
20100125	4536	空头	20100126	4532	1	0	20	20	2147485440	正常
20100126	4532	多头	20100127	4538	1	0	30	30	2147485440	正常
20100127	4538	空头	20100128	4550	1	0	-60	-60	2147485440	正常
20100128	4550	多头	20100129	4528	1	0	-110	-110	2147485440	正常
20100129	4528	空头	20100201	4549	1	0	-105	-105	2147485440	正常
20100201	4549	多头	20100202	4545	1	0	-20	-20	2147485440	正常
20100202	4545	空头	20100203	4416	1	0	645	645	2147486208	正常
20100203	4416	多头	20100204	4390	1	0	-130	-130	2147485952	正常
20100204	4390	空头	20100205	4348	1	0	210	210	2147486208	正常
20100205	4348	多头	20100208	4405	1	0	285	285	2147486464	正常
20100208	4405	空头	20100209	4390	1	0	75	75	2147486464	正常
20100209	4390	多头	20100210	4450	1	0	300	300	2147486720	正常
20100210	4450	空头	20100211	4448	1	0	10	10	2147486720	正常
20100211	4448	多头	20100212	4487	1	0	195	195	2147486976	正常
20100212	4487	空头	20100222	4589	1	0	-510	-510	2147486464	正常
20100222	4589	多头	20100223	4509	1	0	-400	-400	2147485952	正常
20100223	4509	空头	20100224	4499	1	0	50	50	2147485952	正常
20100224	4499	多头	20100225	4512	1	0	65	65	2147485952	正常
20100225	4512	空头	20100226	4492	1	0	100	100	2147485952	正常
20100226	4492	多头	20100301	4540	1	0	240	240	2147486208	正常
20100301	4540	空头	20100302	4528	1	0	60	60	2147486208	正常
20100302	4528	多头	20100303	4529	1	0	5	5	2147486208	正常
20100303	4529	空头	20100304	4484	1	0	225	225	2147486464	正常
20100304	4484	多头	20100305	4466	1	0	-90	-90	2147486464	正常
20100305	4466	空头	20100308	4587	1	0	-605	-605	2147485952	正常
20100308	4587	多头	20100309	4535	1	0	-260	-260	2147485696	正常
20100309	4535	空头	20100310	4554	1	0	-95	-95	2147485696	正常
20100310	4554	多头	20100311	4561	1	0	35	35	2147485696	正常
20100311	4561	空头	20100312	4575	1	0	-70	-70	2147485696	正常
20100312	4575	多头	20100315	4560	1	0	-75	-75	2147485696	正常
20100315	4560	空头	20100316	4684	1	0	-620	-620	2147485184	正常
20100316	4684	多头	20100317	4735	1	0	255	255	2147485440	正常
20100317	4735	空头	20100318	4693	1	0	210	210	2147485696	正常
20100318	4693	多头	20100319	4686	1	0	-35	-35	2147485696	正常
20100319	4686	空头	20100322	4740	1	0	-270	-270	2147485440	正常
20100322	4740	多头	20100323	4708	1	0	-160	-160	2147485184	正常
20100323	4708	空头	20100324	4695	1	0	65	65	2147485184	正常
20100324	4695	多头	20100325	4767	1	0	360	360	2147485440	正常
20100325	4767	空头	20100326	4756	1	0	55	55	2147485440	正常
20100326	4756	多头	20100329	4748	1	0	-40	-40	2147485440	正常
20100329	4748	空头	20100330	4742	1	0	30	30	2147485440	正常
20100330	4742	多头	20100331	4700	1	0	-210	-210	2147485184	正常
20100331	4700	空头	20100401	4691	1	0	45	45	2147485184	正常
20100401	4691	多头	20100402	4709	1	0	90	90	2147485184	正常
20100402	4709	空头	20100406	4743	1	0	-170	-170	2147484928	正常
20100406	4743	多头	20100407	4785	1	0	210	210	2147485184	正常
20100407	4785	空头	20100408	4780	1	0	25	25	2147485184	正常
20100408	4780	多头	20100409	4755	1	0	-125	-125	2147485184	正常
20100409	4755	空头	20100412	4780	1	0	-125	-125	2147485184	正常
20100412	4780	多头	20100413	4804	1	0	120	120	2147485184	正常
20100413	4804	空头	20100414	4806	1	0	-10	-10	2147485184	正常
20100414	4806	多头	20100415	4777	1	0	-145	-145	2147484928	正常
20100415	4777	空头	20100416	4756	1	0	105	105	2147484928	正常
20100416	4756	多头	20100419	4734	1	0	-110	-110	2147484928	正常
20100419	4734	空头	20100420	4709	1	0	125	125	2147484928	正常
20100420	4709	多头	20100421	4725	1	0	80	80	2147484928	正常
20100421	4725	空头	20100422	4709	1	0	80	80	2147484928	正常
20100422	4709	多头	20100423	4675	1	0	-170	-170	2147484672	正常
20100423	4675	空头	20100426	4685	1	0	-50	-50	2147484672	正常
20100426	4685	多头	20100427	4642	1	0	-215	-215	2147484416	正常
20100427	4642	空头	20100428	4588	1	0	270	270	2147484672	正常
20100428	4588	多头	20100429	4558	1	0	-150	-150	2147484416	正常
20100429	4558	空头	20100430	4548	1	0	50	50	2147484416	正常
20100430	4548	多头	20100504	4578	1	0	150	150	2147484672	正常
20100504	4578	空头	20100505	4567	1	0	55	55	2147484672	正常
20100505	4567	多头	20100506	4573	1	0	30	30	2147484672	正常
20100506	4573	空头	20100507	4518	1	0	275	275	2147484928	正常
20100507	4518	多头	20100510	4470	1	0	-240	-240	2147484672	正常
20100510	4470	空头	20100511	4438	1	0	160	160	2147484928	正常
20100511	4438	多头	20100512	4361	1	0	-385	-385	2147484416	正常
20100512	4361	空头	20100513	4330	1	0	155	155	2147484672	正常
20100513	4330	多头	20100514	4320	1	0	-50	-50	2147484672	正常
20100514	4320	空头	20100517	4270	1	0	250	250	2147484928	正常
20100517	4270	多头	20100518	4140	1	0	-650	-650	2147484160	正常
20100518	4140	空头	20100519	4140	1	0	0	0	2147484160	正常
20100519	4140	多头	20100520	4189	1	0	245	245	2147484416	正常
20100520	4189	空头	20100521	4155	1	0	170	170	2147484672	正常
20100521	4155	多头	20100524	4215	1	0	300	300	2147484928	正常
20100524	4215	空头	20100525	4207	1	0	40	40	2147484928	正常
20100525	4207	多头	20100526	4247	1	0	200	200	2147485184	正常
20100526	4247	空头	20100527	4189	1	0	290	290	2147485440	正常
20100527	4189	多头	20100528	4214	1	0	125	125	2147485440	正常
20100528	4214	空头	20100531	4178	1	0	180	180	2147485696	正常
20100531	4178	多头	20100601	4122	1	0	-280	-280	2147485440	正常
20100601	4122	空头	20100602	4140	1	0	-90	-90	2147485440	正常
20100602	4140	多头	20100603	4145	1	0	25	25	2147485440	正常
20100603	4145	空头	20100604	4115	1	0	150	150	2147485696	正常
20100604	4115	多头	20100607	4055	1	0	-300	-300	2147485440	正常
20100607	4055	空头	20100608	4012	1	0	215	215	2147485696	正常
20100608	4012	多头	20100609	4054	1	0	210	210	2147485952	正常
20100609	4054	空头	20100610	4043	1	0	55	55	2147485952	正常
20100610	4043	多头	20100611	4055	1	0	60	60	2147485952	正常
20100611	4055	空头	20100617	4090	1	0	-175	-175	2147485696	正常
20100617	4090	多头	20100618	4056	1	0	-170	-170	2147485440	正常
20100618	4056	空头	20100621	4099	1	0	-215	-215	2147485184	正常
20100621	4099	多头	20100622	4080	1	0	-95	-95	2147485184	正常
20100622	4080	空头	20100623	4069	1	0	55	55	2147485184	正常
20100623	4069	多头	20100624	4085	1	0	80	80	2147485184	正常
20100624	4085	空头	20100625	4040	1	0	225	225	2147485440	正常
20100625	4040	多头	20100628	4054	1	0	70	70	2147485440	正常
20100628	4054	空头	20100629	3993	1	0	305	305	2147485696	正常
20100629	3993	多头	20100630	3951	1	0	-210	-210	2147485440	正常
20100630	3951	空头	20100701	3935	1	0	80	80	2147485440	正常
20100701	3935	多头	20100702	3926	1	0	-45	-45	2147485440	正常
20100702	3926	空头	20100705	3933	1	0	-35	-35	2147485440	正常
20100705	3933	多头	20100706	3929	1	0	-20	-20	2147485440	正常
20100706	3929	空头	20100707	3917	1	0	60	60	2147485440	正常
20100707	3917	多头	20100708	3923	1	0	30	30	2147485440	正常
20100708	3923	空头	20100709	3890	1	0	165	165	2147485696	正常
20100709	3890	多头	20100712	3898	1	0	40	40	2147485696	正常
20100712	3898	空头	20100713	3870	1	0	140	140	2147485952	正常
20100713	3870	多头	20100714	3856	1	0	-70	-70	2147485952	正常
20100714	3856	空头	20100715	3846	1	0	50	50	2147485952	正常
20100715	3846	多头	20100716	3840	1	0	-30	-30	2147485952	正常
20100716	3840	空头	20100719	3886	1	0	-230	-230	2147485696	正常
20100719	3886	多头	20100720	3940	1	0	270	270	2147485952	正常
20100720	3940	空头	20100721	3949	1	0	-45	-45	2147485952	正常
20100721	3949	多头	20100722	3950	1	0	5	5	2147485952	正常
20100722	3950	空头	20100723	3997	1	0	-235	-235	2147485696	正常
20100723	3997	多头	20100726	3998	1	0	5	5	2147485696	正常
20100726	3998	空头	20100727	3964	1	0	170	170	2147485952	正常
20100727	3964	多头	20100728	3959	1	0	-25	-25	2147485952	正常
20100728	3959	空头	20100729	3961	1	0	-10	-10	2147485952	正常
20100729	3961	多头	20100730	3993	1	0	160	160	2147486208	正常
20100730	3993	空头	20100802	4057	1	0	-320	-320	2147485952	正常
20100802	4057	多头	20100803	4054	1	0	-15	-15	2147485952	正常
20100803	4054	空头	20100804	4067	1	0	-65	-65	2147485952	正常
20100804	4067	多头	20100805	4083	1	0	80	80	2147485952	正常
20100805	4083	空头	20100806	4049	1	0	170	170	2147486208	正常
20100806	4049	多头	20100809	4102	1	0	265	265	2147486464	正常
20100809	4102	空头	20100810	4115	1	0	-65	-65	2147486464	正常
20100810	4115	多头	20100811	4145	1	0	150	150	2147486720	正常
20100811	4145	空头	20100812	4102	1	0	215	215	2147486976	正常
20100812	4102	多头	20100813	4098	1	0	-20	-20	2147486976	正常
20100813	4098	空头	20100816	4118	1	0	-100	-100	2147486976	正常
20100816	4118	多头	20100817	4140	1	0	110	110	2147486976	正常
20100817	4140	空头	20100818	4180	1	0	-200	-200	2147486720	正常
20100818	4180	多头	20100819	4178	1	0	-10	-10	2147486720	正常
20100819	4178	空头	20100820	4160	1	0	90	90	2147486720	正常
20100820	4160	多头	20100823	4132	1	0	-140	-140	2147486464	正常
20100823	4132	空头	20100824	4127	1	0	25	25	2147486464	正常
20100824	4127	多头	20100825	4115	1	0	-60	-60	2147486464	正常
20100825	4115	空头	20100826	4200	1	0	-425	-425	2147485952	正常
20100826	4200	多头	20100827	4135	1	0	-325	-325	2147485696	正常
20100827	4135	空头	20100830	4173	1	0	-190	-190	2147485440	正常
20100830	4173	多头	20100831	4220	1	0	235	235	2147485696	正常
20100831	4220	空头	20100901	4230	1	0	-50	-50	2147485696	正常
20100901	4230	多头	20100902	4248	1	0	90	90	2147485696	正常
20100902	4248	空头	20100906	4462	1	0	-1070	-1070	2147484672	正常
20100906	4462	多头	20100907	4470	1	0	40	40	2147484672	正常
20100907	4470	空头	20100908	4455	1	0	75	75	2147484672	正常
20100908	4455	多头	20100909	4460	1	0	25	25	2147484672	正常
20100909	4460	空头	20100910	4450	1	0	50	50	2147484672	正常
20100910	4450	多头	20100913	4450	1	0	0	0	2147484672	正常
20100913	4450	空头	20100915	4440	1	0	50	50	2147484672	正常
20100915	4440	多头	20100916	4580	1	0	700	700	2147485440	正常
20100916	4580	空头	20100917	4508	1	0	360	360	2147485696	正常
20100917	4508	多头	20100920	4538	1	0	150	150	2147485952	正常
20100920	4538	空头	20100921	4472	1	0	330	330	2147486208	正常
20100921	4472	多头	20100927	4465	1	0	-35	-35	2147486208	正常
20100927	4465	空头	20100928	4429	1	0	180	180	2147486464	正常
20100928	4429	多头	20100929	4444	1	0	75	75	2147486464	正常
20100929	4444	空头	20100930	4499	1	0	-275	-275	2147486208	正常
20100930	4499	多头	20101008	4490	1	0	-45	-45	2147486208	正常
20101008	4490	空头	20101011	4598	1	0	-540	-540	2147485696	正常
20101011	4598	多头	20101012	4608	1	0	50	50	2147485696	正常
20101012	4608	空头	20101013	4595	1	0	65	65	2147485696	正常
20101013	4595	多头	20101014	4595	1	0	0	0	2147485696	正常
20101014	4595	空头	20101015	4579	1	0	80	80	2147485696	正常
20101015	4579	多头	20101018	4628	1	0	245	245	2147485952	正常
20101018	4628	空头	20101019	4627	1	0	5	5	2147485952	正常
20101019	4627	多头	20101020	4560	1	0	-335	-335	2147485696	正常
20101020	4560	空头	20101021	4577	1	0	-85	-85	2147485696	正常
20101021	4577	多头	20101022	4520	1	0	-285	-285	2147485440	正常
20101022	4520	空头	20101025	4594	1	0	-370	-370	2147485184	正常
20101025	4594	多头	20101026	4620	1	0	130	130	2147485440	正常
20101026	4620	空头	20101027	4625	1	0	-25	-25	2147485440	正常
20101027	4625	多头	20101028	4607	1	0	-90	-90	2147485440	正常
20101028	4607	空头	20101029	4607	1	0	0	0	2147485440	正常
20101029	4607	多头	20101101	4638	1	0	155	155	2147485696	正常
20101101	4638	空头	20101102	4648	1	0	-50	-50	2147485696	正常
20101102	4648	多头	20101103	4670	1	0	110	110	2147485696	正常
20101103	4670	空头	20101104	4730	1	0	-300	-300	2147485440	正常
20101104	4730	多头	20101105	4835	1	0	525	525	2147485952	正常
20101105	4835	空头	20101108	4797	1	0	190	190	2147486208	正常
20101108	4797	多头	20101109	5014	1	0	1085	1085	2147487232	正常
20101109	5014	空头	20101110	4965	1	0	245	245	2147487488	正常
20101110	4965	多头	20101111	4900	1	0	-325	-325	2147487232	正常
20101111	4900	空头	20101112	4801	1	0	495	495	2147487744	正常
20101112	4801	多头	20101115	4749	1	0	-260	-260	2147487488	正常
20101115	4749	空头	20101116	4739	1	0	50	50	2147487488	正常
20101116	4739	多头	20101117	4628	1	0	-555	-555	2147486976	正常
20101117	4628	空头	20101118	4688	1	0	-300	-300	2147486720	正常
20101118	4688	多头	20101119	4737	1	0	245	245	2147486976	正常
20101119	4737	空头	20101122	4735	1	0	10	10	2147486976	正常
20101122	4735	多头	20101123	4714	1	0	-105	-105	2147486976	正常
20101123	4714	空头	20101124	4745	1	0	-155	-155	2147486720	正常
20101124	4745	多头	20101125	4789	1	0	220	220	2147486976	正常
20101125	4789	空头	20101126	4770	1	0	95	95	2147486976	正常
20101126	4770	多头	20101129	4759	1	0	-55	-55	2147486976	正常
20101129	4759	空头	20101130	4730	1	0	145	145	2147487232	正常
20101130	4730	多头	20101201	4745	1	0	75	75	2147487232	正常
20101201	4745	空头	20101202	4780	1	0	-175	-175	2147486976	正常
20101202	4780	多头	20101203	4787	1	0	35	35	2147486976	正常
20101203	4787	空头	20101206	4781	1	0	30	30	2147486976	正常
20101206	4781	多头	20101207	4800	1	0	95	95	2147486976	正常
20101207	4800	空头	20101208	4798	1	0	10	10	2147486976	正常
20101208	4798	多头	20101209	4783	1	0	-75	-75	2147486976	正常
20101209	4783	空头	20101210	4768	1	0	75	75	2147486976	正常
20101210	4768	多头	20101213	4811	1	0	215	215	2147487232	正常
20101213	4811	空头	20101214	4823	1	0	-60	-60	2147487232	正常
20101214	4823	多头	20101215	4829	1	0	30	30	2147487232	正常
20101215	4829	空头	20101216	4821	1	0	40	40	2147487232	正常
20101216	4821	多头	20101217	4818	1	0	-15	-15	2147487232	正常
20101217	4818	空头	20101220	4841	1	0	-115	-115	2147487232	正常
20101220	4841	多头	20101221	4846	1	0	25	25	2147487232	正常
20101221	4846	空头	20101222	4841	1	0	25	25	2147487232	正常
20101222	4841	多头	20101223	4808	1	0	-165	-165	2147486976	正常
20101223	4808	空头	20101224	4807	1	0	5	5	2147486976	正常
20101224	4807	多头	20101227	4809	1	0	10	10	2147486976	正常
20101227	4809	空头	20101228	4787	1	0	110	110	2147486976	正常
20101228	4787	多头	20101229	4807	1	0	100	100	2147486976	正常
20101229	4807	空头	20101230	4819	1	0	-60	-60	2147486976	正常
20101230	4819	多头	20101231	4839	1	0	100	100	2147486976	正常
20101231	4839	空头	20110104	4861	1	0	-110	-110	2147486976	正常
20110104	4861	多头	20110105	4870	1	0	45	45	2147486976	正常
20110105	4870	空头	20110106	4889	1	0	-95	-95	2147486976	正常
20110106	4889	多头	20110107	4882	1	0	-35	-35	2147486976	正常
20110107	4882	空头	20110110	5014	1	0	-660	-660	2147486208	正常
20110110	5014	多头	20110111	4959	1	0	-275	-275	2147485952	正常
20110111	4959	空头	20110112	4955	1	0	20	20	2147485952	正常
20110112	4955	多头	20110113	4966	1	0	55	55	2147485952	正常
20110113	4966	空头	20110114	4976	1	0	-50	-50	2147485952	正常
20110114	4976	多头	20110117	4989	1	0	65	65	2147485952	正常
20110117	4989	空头	20110118	4983	1	0	30	30	2147485952	正常
20110118	4983	多头	20110119	4992	1	0	45	45	2147485952	正常
20110119	4992	空头	20110120	4998	1	0	-30	-30	2147485952	正常
20110120	4998	多头	20110121	4994	1	0	-20	-20	2147485952	正常
20110121	4994	空头	20110124	5018	1	0	-120	-120	2147485952	正常
20110124	5018	多头	20110125	5030	1	0	60	60	2147485952	正常
20110125	5030	空头	20110126	5028	1	0	10	10	2147485952	正常
20110126	5028	多头	20110127	5003	1	0	-125	-125	2147485952	正常
20110127	5003	空头	20110128	5000	1	0	15	15	2147485952	正常
20110128	5000	多头	20110131	5049	1	0	245	245	2147486208	正常
20110131	5049	空头	20110201	5059	1	0	-50	-50	2147486208	正常
20110201	5059	多头	20110209	5100	1	0	205	205	2147486464	正常
20110209	5100	空头	20110210	5119	1	0	-95	-95	2147486464	正常
20110210	5119	多头	20110211	5157	1	0	190	190	2147486720	正常
20110211	5157	空头	20110214	5123	1	0	170	170	2147486976	正常
20110214	5123	多头	20110215	5130	1	0	35	35	2147486976	正常
20110215	5130	空头	20110216	5099	1	0	155	155	2147487232	正常
20110216	5099	多头	20110217	5072	1	0	-135	-135	2147486976	正常
20110217	5072	空头	20110218	5010	1	0	310	310	2147487232	正常
20110218	5010	多头	20110221	5005	1	0	-25	-25	2147487232	正常
20110221	5005	空头	20110222	5032	1	0	-135	-135	2147486976	正常
20110222	5032	多头	20110223	4958	1	0	-370	-370	2147486720	正常
20110223	4958	空头	20110224	4945	1	0	65	65	2147486720	正常
20110224	4945	多头	20110225	4899	1	0	-230	-230	2147486464	正常
20110225	4899	空头	20110228	4902	1	0	-15	-15	2147486464	正常
20110228	4902	多头	20110301	4904	1	0	10	10	2147486464	正常
20110301	4904	空头	20110302	4843	1	0	305	305	2147486720	正常
20110302	4843	多头	20110303	4857	1	0	70	70	2147486720	正常
20110303	4857	空头	20110304	4804	1	0	265	265	2147486976	正常
20110304	4804	多头	20110307	4815	1	0	55	55	2147486976	正常
20110307	4815	空头	20110308	4810	1	0	25	25	2147486976	正常
20110308	4810	多头	20110309	4771	1	0	-195	-195	2147486720	正常
20110309	4771	空头	20110310	4750	1	0	105	105	2147486720	正常
20110310	4750	多头	20110311	4677	1	0	-365	-365	2147486464	正常
20110311	4677	空头	20110314	4765	1	0	-440	-440	2147485952	正常
20110314	4765	多头	20110315	4759	1	0	-30	-30	2147485952	正常
20110315	4759	空头	20110316	4790	1	0	-155	-155	2147485696	正常
20110316	4790	多头	20110317	4800	1	0	50	50	2147485696	正常
20110317	4800	空头	20110318	4813	1	0	-65	-65	2147485696	正常
20110318	4813	多头	20110321	4724	1	0	-445	-445	2147485184	正常
20110321	4724	空头	20110322	4652	1	0	360	360	2147485440	正常
20110322	4652	多头	20110323	4709	1	0	285	285	2147485696	正常
20110323	4709	空头	20110324	4754	1	0	-225	-225	2147485440	正常
20110324	4754	多头	20110325	4728	1	0	-130	-130	2147485184	正常
20110325	4728	空头	20110328	4754	1	0	-130	-130	2147484928	正常
20110328	4754	多头	20110329	4799	1	0	225	225	2147485184	正常
20110329	4799	空头	20110330	4798	1	0	5	5	2147485184	正常
20110330	4798	多头	20110331	4787	1	0	-55	-55	2147485184	正常
20110331	4787	空头	20110401	4757	1	0	150	150	2147485440	正常
20110401	4757	多头	20110406	4841	1	0	420	420	2147485952	正常
20110406	4841	空头	20110407	4875	1	0	-170	-170	2147485696	正常
20110407	4875	多头	20110408	4870	1	0	-25	-25	2147485696	正常
20110408	4870	空头	20110411	4896	1	0	-130	-130	2147485440	正常
20110411	4896	多头	20110412	4888	1	0	-40	-40	2147485440	正常
20110412	4888	空头	20110413	4890	1	0	-10	-10	2147485440	正常
20110413	4890	多头	20110414	4896	1	0	30	30	2147485440	正常
20110414	4896	空头	20110415	4861	1	0	175	175	2147485696	正常
20110415	4861	多头	20110418	4815	1	0	-230	-230	2147485440	正常
20110418	4815	空头	20110419	4804	1	0	55	55	2147485440	正常
20110419	4804	多头	20110420	4779	1	0	-125	-125	2147485440	正常
20110420	4779	空头	20110421	4831	1	0	-260	-260	2147485184	正常
20110421	4831	多头	20110422	4837	1	0	30	30	2147485184	正常
20110422	4837	空头	20110425	4850	1	0	-65	-65	2147485184	正常
20110425	4850	多头	20110426	4867	1	0	85	85	2147485184	正常
20110426	4867	空头	20110427	4891	1	0	-120	-120	2147485184	正常
20110427	4891	多头	20110428	4896	1	0	25	25	2147485184	正常
20110428	4896	空头	20110429	4881	1	0	75	75	2147485184	正常
20110429	4881	多头	20110503	4927	1	0	230	230	2147485440	正常
20110503	4927	空头	20110504	4917	1	0	50	50	2147485440	正常
20110504	4917	多头	20110505	4904	1	0	-65	-65	2147485440	正常
20110505	4904	空头	20110506	4860	1	0	220	220	2147485696	正常
20110506	4860	多头	20110509	4819	1	0	-205	-205	2147485440	正常
20110509	4819	空头	20110510	4839	1	0	-100	-100	2147485440	正常
20110510	4839	多头	20110511	4850	1	0	55	55	2147485440	正常
20110511	4850	空头	20110512	4803	1	0	235	235	2147485696	正常
20110512	4803	多头	20110513	4854	1	0	255	255	2147485952	正常
20110513	4854	空头	20110516	4856	1	0	-10	-10	2147485952	正常
20110516	4856	多头	20110517	4830	1	0	-130	-130	2147485696	正常
20110517	4830	空头	20110518	4843	1	0	-65	-65	2147485696	正常
20110518	4843	多头	20110519	4847	1	0	20	20	2147485696	正常
20110519	4847	空头	20110520	4839	1	0	40	40	2147485696	正常
20110520	4839	多头	20110523	4833	1	0	-30	-30	2147485696	正常
20110523	4833	空头	20110524	4832	1	0	5	5	2147485696	正常
20110524	4832	多头	20110525	4850	1	0	90	90	2147485696	正常
20110525	4850	空头	20110526	4868	1	0	-90	-90	2147485696	正常
20110526	4868	多头	20110527	4879	1	0	55	55	2147485696	正常
20110527	4879	空头	20110530	4915	1	0	-180	-180	2147485440	正常
20110530	4915	多头	20110531	4914	1	0	-5	-5	2147485440	正常
20110531	4914	空头	20110601	4916	1	0	-10	-10	2147485440	正常
20110601	4916	多头	20110602	4900	1	0	-80	-80	2147485440	正常
20110602	4900	空头	20110603	4916	1	0	-80	-80	2147485440	正常
20110603	4916	多头	20110607	4907	1	0	-45	-45	2147485440	正常
20110607	4907	空头	20110608	4925	1	0	-90	-90	2147485440	正常
20110608	4925	多头	20110609	4939	1	0	70	70	2147485440	正常
20110609	4939	空头	20110610	4918	1	0	105	105	2147485440	正常
20110610	4918	多头	20110613	4901	1	0	-85	-85	2147485440	正常
20110613	4901	空头	20110614	4895	1	0	30	30	2147485440	正常
20110614	4895	多头	20110615	4895	1	0	0	0	2147485440	正常
20110615	4895	空头	20110616	4895	1	0	0	0	2147485440	正常
20110616	4895	多头	20110617	4875	1	0	-100	-100	2147485440	正常
20110617	4875	空头	20110620	4835	1	0	200	200	2147485696	正常
20110620	4835	多头	20110621	4828	1	0	-35	-35	2147485696	正常
20110621	4828	空头	20110622	4838	1	0	-50	-50	2147485696	正常
20110622	4838	多头	20110623	4849	1	0	55	55	2147485696	正常
20110623	4849	空头	20110624	4863	1	0	-70	-70	2147485696	正常
20110624	4863	多头	20110627	4853	1	0	-50	-50	2147485696	正常
20110627	4853	空头	20110628	4850	1	0	15	15	2147485696	正常
20110628	4850	多头	20110629	4850	1	0	0	0	2147485696	正常
20110629	4850	空头	20110630	4875	1	0	-125	-125	2147485696	正常
20110630	4875	多头	20110701	4863	1	0	-60	-60	2147485696	正常
20110701	4863	空头	20110704	4903	1	0	-200	-200	2147485440	正常
20110704	4903	多头	20110705	4915	1	0	60	60	2147485440	正常
20110705	4915	空头	20110706	4911	1	0	20	20	2147485440	正常
20110706	4911	多头	20110707	4912	1	0	5	5	2147485440	正常
20110707	4912	空头	20110708	4923	1	0	-55	-55	2147485440	正常
20110708	4923	多头	20110711	4960	1	0	185	185	2147485696	正常
20110711	4960	空头	20110712	4951	1	0	45	45	2147485696	正常
20110712	4951	多头	20110713	5000	1	0	245	245	2147485952	正常
20110713	5000	空头	20110714	5018	1	0	-90	-90	2147485952	正常
20110714	5018	多头	20110715	4995	1	0	-115	-115	2147485952	正常
20110715	4995	空头	20110718	5016	1	0	-105	-105	2147485952	正常
20110718	5016	多头	20110719	4997	1	0	-95	-95	2147485952	正常
20110719	4997	空头	20110720	4992	1	0	25	25	2147485952	正常
20110720	4992	多头	20110721	5014	1	0	110	110	2147485952	正常
20110721	5014	空头	20110722	5019	1	0	-25	-25	2147485952	正常
20110722	5019	多头	20110725	5078	1	0	295	295	2147486208	正常
20110725	5078	空头	20110726	5011	1	0	335	335	2147486464	正常
20110726	5011	多头	20110727	5020	1	0	45	45	2147486464	正常
20110727	5020	空头	20110728	5040	1	0	-100	-100	2147486464	正常
20110728	5040	多头	20110729	5036	1	0	-20	-20	2147486464	正常
20110729	5036	空头	20110801	5061	1	0	-125	-125	2147486464	正常
20110801	5061	多头	20110802	5055	1	0	-30	-30	2147486464	正常
20110802	5055	空头	20110803	5030	1	0	125	125	2147486464	正常
20110803	5030	多头	20110804	5017	1	0	-65	-65	2147486464	正常
20110804	5017	空头	20110805	5049	1	0	-160	-160	2147486208	正常
20110805	5049	多头	20110808	4995	1	0	-270	-270	2147485952	正常
20110808	4995	空头	20110809	4984	1	0	55	55	2147485952	正常
20110809	4984	多头	20110810	4990	1	0	30	30	2147485952	正常
20110810	4990	空头	20110811	4988	1	0	10	10	2147485952	正常
20110811	4988	多头	20110812	5008	1	0	100	100	2147485952	正常
20110812	5008	空头	20110815	5032	1	0	-120	-120	2147485952	正常
20110815	5032	多头	20110816	5028	1	0	-20	-20	2147485952	正常
20110816	5028	空头	20110817	5030	1	0	-10	-10	2147485952	正常
20110817	5030	多头	20110818	4984	1	0	-230	-230	2147485696	正常
20110818	4984	空头	20110819	4946	1	0	190	190	2147485952	正常
20110819	4946	多头	20110822	4949	1	0	15	15	2147485952	正常
20110822	4949	空头	20110824	4911	1	0	190	190	2147486208	正常
20110824	4911	多头	20110825	4950	1	0	195	195	2147486464	正常
20110825	4950	空头	20110829	4855	1	0	475	475	2147486976	正常
20110829	4855	多头	20110830	4860	1	0	25	25	2147486976	正常
20110830	4860	空头	20110831	4829	1	0	155	155	2147487232	正常
20110831	4829	多头	20110908	4780	1	0	-245	-245	2147486976	正常
20110908	4780	空头	20110913	4780	1	0	0	0	2147486976	正常
20110913	4780	多头	20110920	4685	1	0	-475	-475	2147486464	正常
20110920	4685	空头	20110923	4676	1	0	45	45	2147486464	正常
20110923	4676	多头	20111010	4423	1	0	-1265	-1265	2147485184	正常
20111010	4423	空头	20111011	4327	1	0	480	480	2147485696	正常
20111011	4327	多头	20111013	4394	1	0	335	335	2147485952	正常
20111013	4394	空头	20111014	4432	1	0	-190	-190	2147485696	正常
20111014	4432	多头	20111017	4300	1	0	-660	-660	2147484928	正常
20111017	4300	空头	20111018	4260	1	0	200	200	2147485184	正常
20111018	4260	多头	20111019	4168	1	0	-460	-460	2147484672	正常
20111019	4168	空头	20111020	4010	1	0	790	790	2147485440	正常
20111020	4010	多头	20111021	4026	1	0	80	80	2147485440	正常
20111021	4026	空头	20111024	4133	1	0	-535	-535	2147484928	正常
20111024	4133	多头	20111025	4215	1	0	410	410	2147485440	正常
20111025	4215	空头	20111026	4103	1	0	560	560	2147485952	正常
20111026	4103	多头	20111027	4114	1	0	55	55	2147485952	正常
20111027	4114	空头	20111028	4219	1	0	-525	-525	2147485440	正常
20111028	4219	多头	20111031	4213	1	0	-30	-30	2147485440	正常
20111031	4213	空头	20111101	4180	1	0	165	165	2147485696	正常
20111101	4180	多头	20111102	4108	1	0	-360	-360	2147485440	正常
20111102	4108	空头	20111103	4118	1	0	-50	-50	2147485440	正常
20111103	4118	多头	20111104	4165	1	0	235	235	2147485696	正常
20111104	4165	空头	20111107	4169	1	0	-20	-20	2147485696	正常
20111107	4169	多头	20111108	4204	1	0	175	175	2147485952	正常
20111108	4204	空头	20111109	4228	1	0	-120	-120	2147485952	正常
20111109	4228	多头	20111110	4139	1	0	-445	-445	2147485440	正常
20111110	4139	空头	20111111	4178	1	0	-195	-195	2147485184	正常
20111111	4178	多头	20111114	4210	1	0	160	160	2147485440	正常
20111114	4210	空头	20111115	4185	1	0	125	125	2147485440	正常
20111115	4185	多头	20111116	4200	1	0	75	75	2147485440	正常
20111116	4200	空头	20111117	4185	1	0	75	75	2147485440	正常
20111117	4185	多头	20111118	4174	1	0	-55	-55	2147485440	正常
20111118	4174	空头	20111121	4152	1	0	110	110	2147485440	正常
20111121	4152	多头	20111122	4100	1	0	-260	-260	2147485184	正常
20111122	4100	空头	20111123	4121	1	0	-105	-105	2147485184	正常
20111123	4121	多头	20111124	4090	1	0	-155	-155	2147484928	正常
20111124	4090	空头	20111125	4078	1	0	60	60	2147484928	正常
20111125	4078	多头	20111128	4112	1	0	170	170	2147485184	正常
20111128	4112	空头	20111129	4139	1	0	-135	-135	2147484928	正常
20111129	4139	多头	20111130	4157	1	0	90	90	2147484928	正常
20111130	4157	空头	20111201	4218	1	0	-305	-305	2147484672	正常
20111201	4218	多头	20111202	4170	1	0	-240	-240	2147484416	正常
20111202	4170	空头	20111205	4185	1	0	-75	-75	2147484416	正常
20111205	4185	多头	20111206	4134	1	0	-255	-255	2147484160	正常
20111206	4134	空头	20111207	4164	1	0	-150	-150	2147483904	正常
20111207	4164	多头	20111208	4155	1	0	-45	-45	2147483904	正常
20111208	4155	空头	20111209	4166	1	0	-55	-55	2147483904	正常
20111209	4166	多头	20111212	4136	1	0	-150	-150	2147483648	正常
20111212	4136	空头	20111213	4168	1	0	-160	-160	2147483520	正常
20111213	4168	多头	20111214	4155	1	0	-65	-65	2147483392	正常
20111214	4155	空头	20111215	4132	1	0	115	115	2147483520	正常
20111215	4132	多头	20111216	4173	1	0	205	205	2147483648	正常
20111216	4173	空头	20111219	4180	1	0	-35	-35	2147483648	正常
20111219	4180	多头	20111220	4191	1	0	55	55	2147483648	正常
20111220	4191	空头	20111221	4203	1	0	-60	-60	2147483648	正常
20111221	4203	多头	20111222	4201	1	0	-10	-10	2147483648	正常
20111222	4201	空头	20111223	4228	1	0	-135	-135	2147483520	正常
20111223	4228	多头	20111226	4462	1	0	1170	1170	2147484672	正常
20111226	4462	空头	20111227	4332	1	0	650	650	2147485440	正常
20111227	4332	多头	20111228	4276	1	0	-280	-280	2147485184	正常
20111228	4276	空头	20111229	4227	1	0	245	245	2147485440	正常
20111229	4227	多头	20111230	4195	1	0	-160	-160	2147485184	正常
20111230	4195	空头	20120104	4208	1	0	-65	-65	2147485184	正常
20120104	4208	多头	20120105	4175	1	0	-165	-165	2147484928	正常
20120105	4175	空头	20120106	4185	1	0	-50	-50	2147484928	正常
20120106	4185	多头	20120109	4199	1	0	70	70	2147484928	正常
20120109	4199	空头	20120110	4204	1	0	-25	-25	2147484928	正常
20120110	4204	多头	20120111	4225	1	0	105	105	2147484928	正常
20120111	4225	空头	20120112	4217	1	0	40	40	2147484928	正常
20120112	4217	多头	20120113	4223	1	0	30	30	2147484928	正常
20120113	4223	空头	20120116	4237	1	0	-70	-70	2147484928	正常
20120116	4237	多头	20120117	4292	1	0	275	275	2147485184	正常
20120117	4292	空头	20120118	4323	1	0	-155	-155	2147484928	正常
20120118	4323	多头	20120119	4323	1	0	0	0	2147484928	正常
20120119	4323	空头	20120120	4383	1	0	-300	-300	2147484672	正常
20120120	4383	多头	20120130	4371	1	0	-60	-60	2147484672	正常
20120130	4371	空头	20120131	4317	1	0	270	270	2147484928	正常
20120131	4317	多头	20120201	4321	1	0	20	20	2147484928	正常
20120201	4321	空头	20120202	4333	1	0	-60	-60	2147484928	正常
20120202	4333	多头	20120203	4366	1	0	165	165	2147485184	正常
20120203	4366	空头	20120206	4404	1	0	-190	-190	2147484928	正常
20120206	4404	多头	20120207	4350	1	0	-270	-270	2147484672	正常
20120207	4350	空头	20120208	4350	1	0	0	0	2147484672	正常
20120208	4350	多头	20120209	4353	1	0	15	15	2147484672	正常
20120209	4353	空头	20120210	4329	1	0	120	120	2147484672	正常
20120210	4329	多头	20120213	4290	1	0	-195	-195	2147484416	正常
20120213	4290	空头	20120214	4280	1	0	50	50	2147484416	正常
20120214	4280	多头	20120215	4281	1	0	5	5	2147484416	正常
20120215	4281	空头	20120216	4227	1	0	270	270	2147484672	正常
20120216	4227	多头	20120217	4214	1	0	-65	-65	2147484672	正常
20120217	4214	空头	20120220	4295	1	0	-405	-405	2147484160	正常
20120220	4295	多头	20120221	4246	1	0	-245	-245	2147483904	正常
20120221	4246	空头	20120222	4263	1	0	-85	-85	2147483904	正常
20120222	4263	多头	20120223	4252	1	0	-55	-55	2147483904	正常
20120223	4252	空头	20120224	4263	1	0	-55	-55	2147483904	正常
20120224	4263	多头	20120227	4318	1	0	275	275	2147484160	正常
20120227	4318	空头	20120228	4325	1	0	-35	-35	2147484160	正常
20120228	4325	多头	20120229	4316	1	0	-45	-45	2147484160	正常
20120229	4316	空头	20120301	4320	1	0	-20	-20	2147484160	正常
20120301	4320	多头	20120302	4325	1	0	25	25	2147484160	正常
20120302	4325	空头	20120305	4312	1	0	65	65	2147484160	正常
20120305	4312	多头	20120306	4285	1	0	-135	-135	2147483904	正常
20120306	4285	空头	20120307	4272	1	0	65	65	2147483904	正常
20120307	4272	多头	20120308	4295	1	0	115	115	2147483904	正常
20120308	4295	空头	20120309	4324	1	0	-145	-145	2147483648	正常
20120309	4324	多头	20120312	4338	1	0	70	70	2147483648	正常
20120312	4338	空头	20120313	4345	1	0	-35	-35	2147483648	正常
20120313	4345	多头	20120314	4350	1	0	25	25	2147483648	正常
20120314	4350	空头	20120315	4333	1	0	85	85	2147483648	正常
20120315	4333	多头	20120316	4340	1	0	35	35	2147483648	正常
20120316	4340	空头	20120319	4331	1	0	45	45	2147483648	正常
20120319	4331	多头	20120320	4343	1	0	60	60	2147483648	正常
20120320	4343	空头	20120321	4355	1	0	-60	-60	2147483648	正常
20120321	4355	多头	20120322	4357	1	0	10	10	2147483648	正常
20120322	4357	空头	20120323	4333	1	0	120	120	2147483648	正常
20120323	4333	多头	20120326	4350	1	0	85	85	2147483648	正常
20120326	4350	空头	20120327	4369	1	0	-95	-95	2147483520	正常
20120327	4369	多头	20120328	4360	1	0	-45	-45	2147483520	正常
20120328	4360	空头	20120329	4343	1	0	85	85	2147483648	正常
20120329	4343	多头	20120330	4324	1	0	-95	-95	2147483520	正常
20120330	4324	空头	20120405	4355	1	0	-155	-155	2147483392	正常
20120405	4355	多头	20120406	4373	1	0	90	90	2147483520	正常
20120406	4373	空头	20120409	4379	1	0	-30	-30	2147483520	正常
20120409	4379	多头	20120410	4370	1	0	-45	-45	2147483520	正常
20120410	4370	空头	20120411	4369	1	0	5	5	2147483520	正常
20120411	4369	多头	20120412	4385	1	0	80	80	2147483648	正常
20120412	4385	空头	20120413	4410	1	0	-125	-125	2147483520	正常
20120413	4410	多头	20120416	4359	1	0	-255	-255	2147483264	正常
20120416	4359	空头	20120417	4336	1	0	115	115	2147483392	正常
20120417	4336	多头	20120418	4339	1	0	15	15	2147483392	正常
20120418	4339	空头	20120419	4338	1	0	5	5	2147483392	正常
20120419	4338	多头	20120420	4322	1	0	-80	-80	2147483264	正常
20120420	4322	空头	20120423	4311	1	0	55	55	2147483264	正常
20120423	4311	多头	20120424	4291	1	0	-100	-100	2147483136	正常
20120424	4291	空头	20120425	4278	1	0	65	65	2147483264	正常
20120425	4278	多头	20120426	4295	1	0	85	85	2147483392	正常
20120426	4295	空头	20120427	4302	1	0	-35	-35	2147483392	正常
20120427	4302	多头	20120502	4291	1	0	-55	-55	2147483392	正常
20120502	4291	空头	20120503	4270	1	0	105	105	2147483520	正常
20120503	4270	多头	20120504	4273	1	0	15	15	2147483520	正常
20120504	4273	空头	20120507	4249	1	0	120	120	2147483648	正常
20120507	4249	多头	20120508	4255	1	0	30	30	2147483648	正常
20120508	4255	空头	20120509	4234	1	0	105	105	2147483648	正常
20120509	4234	多头	20120510	4224	1	0	-50	-50	2147483648	正常
20120510	4224	空头	20120511	4216	1	0	40	40	2147483648	正常
20120511	4216	多头	20120514	4212	1	0	-20	-20	2147483648	正常
20120514	4212	空头	20120515	4150	1	0	310	310	2147483904	正常
20120515	4150	多头	20120516	4144	1	0	-30	-30	2147483904	正常
20120516	4144	空头	20120517	4140	1	0	20	20	2147483904	正常
20120517	4140	多头	20120518	4140	1	0	0	0	2147483904	正常
20120518	4140	空头	20120521	4144	1	0	-20	-20	2147483904	正常
20120521	4144	多头	20120522	4149	1	0	25	25	2147483904	正常
20120522	4149	空头	20120523	4094	1	0	275	275	2147484160	正常
20120523	4094	多头	20120524	4078	1	0	-80	-80	2147484160	正常
20120524	4078	空头	20120525	4084	1	0	-30	-30	2147484160	正常
20120525	4084	多头	20120528	4129	1	0	225	225	2147484416	正常
20120528	4129	空头	20120529	4160	1	0	-155	-155	2147484160	正常
20120529	4160	多头	20120530	4140	1	0	-100	-100	2147484160	正常
20120530	4140	空头	20120531	4152	1	0	-60	-60	2147484160	正常
20120531	4152	多头	20120601	4145	1	0	-35	-35	2147484160	正常
20120601	4145	空头	20120604	4121	1	0	120	120	2147484160	正常
20120604	4121	多头	20120605	4144	1	0	115	115	2147484160	正常
20120605	4144	空头	20120606	4152	1	0	-40	-40	2147484160	正常
20120606	4152	多头	20120607	4176	1	0	120	120	2147484160	正常
20120607	4176	空头	20120608	4157	1	0	95	95	2147484160	正常
20120608	4157	多头	20120611	4174	1	0	85	85	2147484160	正常
20120611	4174	空头	20120612	4152	1	0	110	110	2147484160	正常
20120612	4152	多头	20120613	4132	1	0	-100	-100	2147484160	正常
20120613	4132	空头	20120614	4147	1	0	-75	-75	2147484160	正常
20120614	4147	多头	20120615	4168	1	0	105	105	2147484160	正常
20120615	4168	空头	20120618	4186	1	0	-90	-90	2147484160	正常
20120618	4186	多头	20120619	4153	1	0	-165	-165	2147483904	正常
20120619	4153	空头	20120620	4176	1	0	-115	-115	2147483904	正常
20120620	4176	多头	20120621	4159	1	0	-85	-85	2147483904	正常
20120621	4159	空头	20120625	4138	1	0	105	105	2147483904	正常
20120625	4138	多头	20120626	4122	1	0	-80	-80	2147483904	正常
20120626	4122	空头	20120627	4121	1	0	5	5	2147483904	正常
20120627	4121	多头	20120628	4130	1	0	45	45	2147483904	正常
20120628	4130	空头	20120629	4146	1	0	-80	-80	2147483904	正常
20120629	4146	多头	20120702	4136	1	0	-50	-50	2147483904	正常
20120702	4136	空头	20120703	4131	1	0	25	25	2147483904	正常
20120703	4131	多头	20120704	4135	1	0	20	20	2147483904	正常
20120704	4135	空头	20120705	4128	1	0	35	35	2147483904	正常
20120705	4128	多头	20120706	4134	1	0	30	30	2147483904	正常
20120706	4134	空头	20120709	4100	1	0	170	170	2147484160	正常
20120709	4100	多头	20120710	4104	1	0	20	20	2147484160	正常
20120710	4104	空头	20120711	4064	1	0	200	200	2147484416	正常
20120711	4064	多头	20120712	4032	1	0	-160	-160	2147484160	正常
20120712	4032	空头	20120713	4034	1	0	-10	-10	2147484160	正常
20120713	4034	多头	20120716	4060	1	0	130	130	2147484416	正常
20120716	4060	空头	20120717	3964	1	0	480	480	2147484928	正常
20120717	3964	多头	20120718	3929	1	0	-175	-175	2147484672	正常
20120718	3929	空头	20120719	3909	1	0	100	100	2147484672	正常
20120719	3909	多头	20120720	3914	1	0	25	25	2147484672	正常
20120720	3914	空头	20120723	3825	1	0	445	445	2147485184	正常
20120723	3825	多头	20120724	3846	1	0	105	105	2147485184	正常
20120724	3846	空头	20120725	3842	1	0	20	20	2147485184	正常
20120725	3842	多头	20120726	3829	1	0	-65	-65	2147485184	正常
20120726	3829	空头	20120727	3841	1	0	-60	-60	2147485184	正常
20120727	3841	多头	20120730	3843	1	0	10	10	2147485184	正常
20120730	3843	空头	20120731	3849	1	0	-30	-30	2147485184	正常
20120731	3849	多头	20120801	3792	1	0	-285	-285	2147484928	正常
20120801	3792	空头	20120802	3739	1	0	265	265	2147485184	正常
20120802	3739	多头	20120803	3691	1	0	-240	-240	2147484928	正常
20120803	3691	空头	20120806	3715	1	0	-120	-120	2147484928	正常
20120806	3715	多头	20120807	3714	1	0	-5	-5	2147484928	正常
20120807	3714	空头	20120808	3657	1	0	285	285	2147485184	正常
20120808	3657	多头	20120809	3648	1	0	-45	-45	2147485184	正常
20120809	3648	空头	20120810	3668	1	0	-100	-100	2147485184	正常
20120810	3668	多头	20120813	3668	1	0	0	0	2147485184	正常
20120813	3668	空头	20120814	3658	1	0	50	50	2147485184	正常
20120814	3658	多头	20120815	3650	1	0	-40	-40	2147485184	正常
20120815	3650	空头	20120816	3714	1	0	-320	-320	2147484928	正常
20120816	3714	多头	20120817	3693	1	0	-105	-105	2147484928	正常
20120817	3693	空头	20120821	3624	1	0	345	345	2147485184	正常
20120821	3624	多头	20120822	3637	1	0	65	65	2147485184	正常
20120822	3637	空头	20120824	3584	1	0	265	265	2147485440	正常
20120824	3584	多头	20120827	3572	1	0	-60	-60	2147485440	正常
20120827	3572	空头	20120828	3567	1	0	25	25	2147485440	正常
20120828	3567	多头	20120829	3460	1	0	-535	-535	2147484928	正常
20120829	3460	空头	20120830	3460	1	0	0	0	2147484928	正常
20120830	3460	多头	20120831	3483	1	0	115	115	2147484928	正常
20120831	3483	空头	20120904	3401	1	0	410	410	2147485440	正常
20120904	3401	多头	20120905	3351	1	0	-250	-250	2147485184	正常
20120905	3351	空头	20120906	3400	1	0	-245	-245	2147484928	正常
20120906	3400	多头	20120918	3759	1	0	1795	1795	2147486720	正常
20120918	3759	空头	20120919	3793	1	0	-170	-170	2147486464	正常
20120919	3793	多头	20120920	3796	1	0	15	15	2147486464	正常
20120920	3796	空头	20120921	3654	1	0	710	710	2147487232	正常
20120921	3654	多头	20120924	3739	1	0	425	425	2147487744	正常
20120924	3739	空头	20120925	3726	1	0	65	65	2147487744	正常
20120925	3726	多头	20120926	3671	1	0	-275	-275	2147487488	正常
20120926	3671	空头	20120927	3728	1	0	-285	-285	2147487232	正常
20120927	3728	多头	20120928	3729	1	0	5	5	2147487232	正常
20120928	3729	空头	20121008	3761	1	0	-160	-160	2147486976	正常
20121008	3761	多头	20121009	3795	1	0	170	170	2147487232	正常
20121009	3795	空头	20121010	3785	1	0	50	50	2147487232	正常
20121010	3785	多头	20121011	3766	1	0	-95	-95	2147487232	正常
20121011	3766	空头	20121012	3771	1	0	-25	-25	2147487232	正常
20121012	3771	多头	20121015	3728	1	0	-215	-215	2147486976	正常
20121015	3728	空头	20121016	3646	1	0	410	410	2147487488	正常
20121016	3646	多头	20121017	3708	1	0	310	310	2147487744	正常
20121017	3708	空头	20121018	3717	1	0	-45	-45	2147487744	正常
20121018	3717	多头	20121019	3745	1	0	140	140	2147488000	正常
20121019	3745	空头	20121022	3748	1	0	-15	-15	2147488000	正常
20121022	3748	多头	20121023	3793	1	0	225	225	2147488256	正常
20121023	3793	空头	20121024	3730	1	0	315	315	2147488512	正常
20121024	3730	多头	20121025	3825	1	0	475	475	2147489024	正常
20121025	3825	空头	20121026	3745	1	0	400	400	2147489536	正常
20121026	3745	多头	20121029	3736	1	0	-45	-45	2147489536	正常
20121029	3736	空头	20121030	3688	1	0	240	240	2147489792	正常
20121030	3688	多头	20121031	3690	1	0	10	10	2147489792	正常
20121031	3690	空头	20121101	3717	1	0	-135	-135	2147489536	正常
20121101	3717	多头	20121102	3727	1	0	50	50	2147489536	正常
20121102	3727	空头	20121105	3706	1	0	105	105	2147489536	正常
20121105	3706	多头	20121106	3692	1	0	-70	-70	2147489536	正常
20121106	3692	空头	20121107	3701	1	0	-45	-45	2147489536	正常
20121107	3701	多头	20121108	3683	1	0	-90	-90	2147489536	正常
20121108	3683	空头	20121109	3707	1	0	-120	-120	2147489536	正常
20121109	3707	多头	20121112	3712	1	0	25	25	2147489536	正常
20121112	3712	空头	20121113	3707	1	0	25	25	2147489536	正常
20121113	3707	多头	20121114	3692	1	0	-75	-75	2147489536	正常
20121114	3692	空头	20121115	3706	1	0	-70	-70	2147489536	正常
20121115	3706	多头	20121116	3697	1	0	-45	-45	2147489536	正常
20121116	3697	空头	20121119	3645	1	0	260	260	2147489792	正常
20121119	3645	多头	20121120	3624	1	0	-105	-105	2147489792	正常
20121120	3624	空头	20121121	3626	1	0	-10	-10	2147489792	正常
20121121	3626	多头	20121122	3624	1	0	-10	-10	2147489792	正常
20121122	3624	空头	20121123	3625	1	0	-5	-5	2147489792	正常
20121123	3625	多头	20121126	3618	1	0	-35	-35	2147489792	正常
20121126	3618	空头	20121127	3603	1	0	75	75	2147489792	正常
20121127	3603	多头	20121128	3600	1	0	-15	-15	2147489792	正常
20121128	3600	空头	20121129	3582	1	0	90	90	2147489792	正常
20121129	3582	多头	20121130	3552	1	0	-150	-150	2147489536	正常
20121130	3552	空头	20121203	3610	1	0	-290	-290	2147489280	正常
20121203	3610	多头	20121204	3610	1	0	0	0	2147489280	正常
20121204	3610	空头	20121205	3668	1	0	-290	-290	2147489024	正常
20121205	3668	多头	20121206	3675	1	0	35	35	2147489024	正常
20121206	3675	空头	20121207	3697	1	0	-110	-110	2147489024	正常
20121207	3697	多头	20121210	3758	1	0	305	305	2147489280	正常
20121210	3758	空头	20121211	3731	1	0	135	135	2147489536	正常
20121211	3731	多头	20121212	3739	1	0	40	40	2147489536	正常
20121212	3739	空头	20121213	3727	1	0	60	60	2147489536	正常
20121213	3727	多头	20121214	3802	1	0	375	375	2147489792	正常
20121214	3802	空头	20121217	3842	1	0	-200	-200	2147489536	正常
20121217	3842	多头	20121218	3850	1	0	40	40	2147489536	正常
20121218	3850	空头	20121219	3829	1	0	105	105	2147489536	正常
20121219	3829	多头	20121220	3825	1	0	-20	-20	2147489536	正常
20121220	3825	空头	20121221	3837	1	0	-60	-60	2147489536	正常
20121221	3837	多头	20121224	3808	1	0	-145	-145	2147489280	正常
20121224	3808	空头	20121225	3897	1	0	-445	-445	2147488768	正常
20121225	3897	多头	20121226	3904	1	0	35	35	2147488768	正常
20121226	3904	空头	20121227	3967	1	0	-315	-315	2147488512	正常
20121227	3967	多头	20121228	3928	1	0	-195	-195	2147488256	正常
20121228	3928	空头	20121231	3997	1	0	-345	-345	2147488000	正常
20121231	3997	多头	20130104	4043	1	0	230	230	2147488256	正常
20130104	4043	空头	20130107	4050	1	0	-35	-35	2147488256	正常
20130107	4050	多头	20130108	4030	1	0	-100	-100	2147488256	正常
20130108	4030	空头	20130109	4025	1	0	25	25	2147488256	正常
20130109	4025	多头	20130110	4037	1	0	60	60	2147488256	正常
20130110	4037	空头	20130111	4035	1	0	10	10	2147488256	正常
20130111	4035	多头	20130114	4029	1	0	-30	-30	2147488256	正常
20130114	4029	空头	20130115	4025	1	0	20	20	2147488256	正常
20130115	4025	多头	20130116	3980	1	0	-225	-225	2147488000	正常
20130116	3980	空头	20130117	3960	1	0	100	100	2147488000	正常
20130117	3960	多头	20130118	4008	1	0	240	240	2147488256	正常
20130118	4008	空头	20130121	4017	1	0	-45	-45	2147488256	正常
20130121	4017	多头	20130122	3999	1	0	-90	-90	2147488256	正常
20130122	3999	空头	20130123	4059	1	0	-300	-300	2147488000	正常
20130123	4059	多头	20130124	4072	1	0	65	65	2147488000	正常
20130124	4072	空头	20130125	4116	1	0	-220	-220	2147487744	正常
20130125	4116	多头	20130128	4098	1	0	-90	-90	2147487744	正常
20130128	4098	空头	20130129	4112	1	0	-70	-70	2147487744	正常
20130129	4112	多头	20130130	4159	1	0	235	235	2147488000	正常
20130130	4159	空头	20130131	4168	1	0	-45	-45	2147488000	正常
20130131	4168	多头	20130201	4194	1	0	130	130	2147488256	正常
20130201	4194	空头	20130204	4241	1	0	-235	-235	2147488000	正常
20130204	4241	多头	20130205	4269	1	0	140	140	2147488256	正常
20130205	4269	空头	20130206	4295	1	0	-130	-130	2147488000	正常
20130206	4295	多头	20130207	4240	1	0	-275	-275	2147487744	正常
20130207	4240	空头	20130208	4241	1	0	-5	-5	2147487744	正常
20130208	4241	多头	20130218	4239	1	0	-10	-10	2147487744	正常
20130218	4239	空头	20130219	4180	1	0	295	295	2147488000	正常
20130219	4180	多头	20130220	4187	1	0	35	35	2147488000	正常
20130220	4187	空头	20130221	4120	1	0	335	335	2147488256	正常
20130221	4120	多头	20130222	4069	1	0	-255	-255	2147488000	正常
20130222	4069	空头	20130225	4030	1	0	195	195	2147488256	正常
20130225	4030	多头	20130226	4007	1	0	-115	-115	2147488256	正常
20130226	4007	空头	20130227	3994	1	0	65	65	2147488256	正常
20130227	3994	多头	20130228	4048	1	0	270	270	2147488512	正常
20130228	4048	空头	20130301	4033	1	0	75	75	2147488512	正常
20130301	4033	多头	20130304	3970	1	0	-315	-315	2147488256	正常
20130304	3970	空头	20130305	3942	1	0	140	140	2147488512	正常
20130305	3942	多头	20130306	3960	1	0	90	90	2147488512	正常
20130306	3960	空头	20130307	3944	1	0	80	80	2147488512	正常
20130307	3944	多头	20130308	3954	1	0	50	50	2147488512	正常
20130308	3954	空头	20130311	3943	1	0	55	55	2147488512	正常
20130311	3943	多头	20130312	3925	1	0	-90	-90	2147488512	正常
20130312	3925	空头	20130313	3909	1	0	80	80	2147488512	正常
20130313	3909	多头	20130314	3838	1	0	-355	-355	2147488256	正常
20130314	3838	空头	20130315	3931	1	0	-465	-465	2147487744	正常
20130315	3931	多头	20130318	3875	1	0	-280	-280	2147487488	正常
20130318	3875	空头	20130319	3865	1	0	50	50	2147487488	正常
20130319	3865	多头	20130320	3899	1	0	170	170	2147487744	正常
20130320	3899	空头	20130321	3946	1	0	-235	-235	2147487488	正常
20130321	3946	多头	20130322	3942	1	0	-20	-20	2147487488	正常
20130322	3942	空头	20130325	3929	1	0	65	65	2147487488	正常
20130325	3929	多头	20130326	3955	1	0	130	130	2147487744	正常
20130326	3955	空头	20130327	3919	1	0	180	180	2147488000	正常
20130327	3919	多头	20130328	3911	1	0	-40	-40	2147488000	正常
20130328	3911	空头	20130329	3834	1	0	385	385	2147488512	正常
20130329	3834	多头	20130401	3792	1	0	-210	-210	2147488256	正常
20130401	3792	空头	20130402	3768	1	0	120	120	2147488256	正常
20130402	3768	多头	20130403	3821	1	0	265	265	2147488512	正常
20130403	3821	空头	20130408	3844	1	0	-115	-115	2147488512	正常
20130408	3844	多头	20130409	3858	1	0	70	70	2147488512	正常
20130409	3858	空头	20130410	3865	1	0	-35	-35	2147488512	正常
20130410	3865	多头	20130411	3879	1	0	70	70	2147488512	正常
20130411	3879	空头	20130412	3834	1	0	225	225	2147488768	正常
20130412	3834	多头	20130415	3793	1	0	-205	-205	2147488512	正常
20130415	3793	空头	20130416	3745	1	0	240	240	2147488768	正常
20130416	3745	多头	20130417	3773	1	0	140	140	2147489024	正常
20130417	3773	空头	20130418	3666	1	0	535	535	2147489536	正常
20130418	3666	多头	20130419	3679	1	0	65	65	2147489536	正常
20130419	3679	空头	20130422	3694	1	0	-75	-75	2147489536	正常
20130422	3694	多头	20130423	3670	1	0	-120	-120	2147489536	正常
20130423	3670	空头	20130424	3662	1	0	40	40	2147489536	正常
20130424	3662	多头	20130424	3662	1	0	0	0	2147489536	正常
