20090327	3513	多头	20090330	3528	1	0	75	75	2147483648	正常
20090330	3528	空头	20090331	3531	1	0	-15	-15	2147483648	正常
20090331	3531	多头	20090401	3543	1	0	60	60	2147483648	正常
20090401	3543	空头	20090402	3456	1	0	435	435	2147484160	正常
20090402	3456	多头	20090403	3436	1	0	-100	-100	2147484160	正常
20090403	3436	空头	20090407	3410	1	0	130	130	2147484416	正常
20090407	3410	多头	20090408	3456	1	0	230	230	2147484672	正常
20090408	3456	空头	20090409	3460	1	0	-20	-20	2147484672	正常
20090409	3460	多头	20090410	3470	1	0	50	50	2147484672	正常
20090410	3470	空头	20090413	3464	1	0	30	30	2147484672	正常
20090413	3464	多头	20090414	3469	1	0	25	25	2147484672	正常
20090414	3469	空头	20090415	3550	1	0	-405	-405	2147484160	正常
20090415	3550	多头	20090416	3570	1	0	100	100	2147484160	正常
20090416	3570	空头	20090417	3581	1	0	-55	-55	2147484160	正常
20090417	3581	多头	20090420	3608	1	0	135	135	2147484416	正常
20090420	3608	空头	20090421	3486	1	0	610	610	2147484928	正常
20090421	3486	多头	20090422	3508	1	0	110	110	2147484928	正常
20090422	3508	空头	20090423	3488	1	0	100	100	2147484928	正常
20090423	3488	多头	20090424	3497	1	0	45	45	2147484928	正常
20090424	3497	空头	20090427	3492	1	0	25	25	2147484928	正常
20090427	3492	多头	20090428	3496	1	0	20	20	2147484928	正常
20090428	3496	空头	20090429	3503	1	0	-35	-35	2147484928	正常
20090429	3503	多头	20090430	3523	1	0	100	100	2147484928	正常
20090430	3523	空头	20090504	3571	1	0	-240	-240	2147484672	正常
20090504	3571	多头	20090505	3570	1	0	-5	-5	2147484672	正常
20090505	3570	空头	20090506	3573	1	0	-15	-15	2147484672	正常
20090506	3573	多头	20090507	3591	1	0	90	90	2147484672	正常
20090507	3591	空头	20090508	3589	1	0	10	10	2147484672	正常
20090508	3589	多头	20090511	3606	1	0	85	85	2147484672	正常
20090511	3606	空头	20090512	3630	1	0	-120	-120	2147484672	正常
20090512	3630	多头	20090513	3634	1	0	20	20	2147484672	正常
20090513	3634	空头	20090514	3590	1	0	220	220	2147484928	正常
20090514	3590	多头	20090515	3596	1	0	30	30	2147484928	正常
20090515	3596	空头	20090518	3581	1	0	75	75	2147484928	正常
20090518	3581	多头	20090519	3611	1	0	150	150	2147485184	正常
20090519	3611	空头	20090520	3612	1	0	-5	-5	2147485184	正常
20090520	3612	多头	20090521	3618	1	0	30	30	2147485184	正常
20090521	3618	空头	20090522	3608	1	0	50	50	2147485184	正常
20090522	3608	多头	20090525	3600	1	0	-40	-40	2147485184	正常
20090525	3600	空头	20090526	3596	1	0	20	20	2147485184	正常
20090526	3596	多头	20090527	3606	1	0	50	50	2147485184	正常
20090527	3606	空头	20090601	3622	1	0	-80	-80	2147485184	正常
20090601	3622	多头	20090602	3652	1	0	150	150	2147485440	正常
20090602	3652	空头	20090603	3656	1	0	-20	-20	2147485440	正常
20090603	3656	多头	20090604	3645	1	0	-55	-55	2147485440	正常
20090604	3645	空头	20090605	3720	1	0	-375	-375	2147485184	正常
20090605	3720	多头	20090608	3747	1	0	135	135	2147485440	正常
20090608	3747	空头	20090609	3768	1	0	-105	-105	2147485440	正常
20090609	3768	多头	20090610	3774	1	0	30	30	2147485440	正常
20090610	3774	空头	20090611	3807	1	0	-165	-165	2147485184	正常
20090611	3807	多头	20090612	3835	1	0	140	140	2147485440	正常
20090612	3835	空头	20090615	3823	1	0	60	60	2147485440	正常
20090615	3823	多头	20090616	3828	1	0	25	25	2147485440	正常
20090616	3828	空头	20090617	3841	1	0	-65	-65	2147485440	正常
20090617	3841	多头	20090618	3830	1	0	-55	-55	2147485440	正常
20090618	3830	空头	20090619	3846	1	0	-80	-80	2147485440	正常
20090619	3846	多头	20090622	3900	1	0	270	270	2147485696	正常
20090622	3900	空头	20090623	3835	1	0	325	325	2147485952	正常
20090623	3835	多头	20090624	3858	1	0	115	115	2147485952	正常
20090624	3858	空头	20090625	3858	1	0	0	0	2147485952	正常
20090625	3858	多头	20090626	3846	1	0	-60	-60	2147485952	正常
20090626	3846	空头	20090629	3823	1	0	115	115	2147485952	正常
20090629	3823	多头	20090630	3817	1	0	-30	-30	2147485952	正常
20090630	3817	空头	20090701	3820	1	0	-15	-15	2147485952	正常
20090701	3820	多头	20090702	3845	1	0	125	125	2147485952	正常
20090702	3845	空头	20090703	3858	1	0	-65	-65	2147485952	正常
20090703	3858	多头	20090706	3855	1	0	-15	-15	2147485952	正常
20090706	3855	空头	20090707	3864	1	0	-45	-45	2147485952	正常
20090707	3864	多头	20090708	3837	1	0	-135	-135	2147485696	正常
20090708	3837	空头	20090709	3841	1	0	-20	-20	2147485696	正常
20090709	3841	多头	20090710	3865	1	0	120	120	2147485696	正常
20090710	3865	空头	20090713	3881	1	0	-80	-80	2147485696	正常
20090713	3881	多头	20090714	3890	1	0	45	45	2147485696	正常
20090714	3890	空头	20090715	3907	1	0	-85	-85	2147485696	正常
20090715	3907	多头	20090716	3967	1	0	300	300	2147485952	正常
20090716	3967	空头	20090717	3975	1	0	-40	-40	2147485952	正常
20090717	3975	多头	20090720	3981	1	0	30	30	2147485952	正常
20090720	3981	空头	20090721	3992	1	0	-55	-55	2147485952	正常
20090721	3992	多头	20090722	4018	1	0	130	130	2147486208	正常
20090722	4018	空头	20090723	4052	1	0	-170	-170	2147485952	正常
20090723	4052	多头	20090724	4098	1	0	230	230	2147486208	正常
20090724	4098	空头	20090727	4186	1	0	-440	-440	2147485696	正常
20090727	4186	多头	20090728	4230	1	0	220	220	2147485952	正常
20090728	4230	空头	20090729	4282	1	0	-260	-260	2147485696	正常
20090729	4282	多头	20090730	4321	1	0	195	195	2147485952	正常
20090730	4321	空头	20090731	4408	1	0	-435	-435	2147485440	正常
20090731	4408	多头	20090803	4680	1	0	1360	1360	2147486720	正常
20090803	4680	空头	20090804	4795	1	0	-575	-575	2147486208	正常
20090804	4795	多头	20090805	4800	1	0	25	25	2147486208	正常
20090805	4800	空头	20090806	4833	1	0	-165	-165	2147485952	正常
20090806	4833	多头	20090807	4751	1	0	-410	-410	2147485440	正常
20090807	4751	空头	20090810	4785	1	0	-170	-170	2147485184	正常
20090810	4785	多头	20090811	4823	1	0	190	190	2147485440	正常
20090811	4823	空头	20090812	4756	1	0	335	335	2147485696	正常
20090812	4756	多头	20090813	4701	1	0	-275	-275	2147485440	正常
20090813	4701	空头	20090814	4580	1	0	605	605	2147485952	正常
20090814	4580	多头	20090817	4501	1	0	-395	-395	2147485440	正常
20090817	4501	空头	20090818	4581	1	0	-400	-400	2147484928	正常
20090818	4581	多头	20090819	4372	1	0	-1045	-1045	2147483904	正常
20090819	4372	空头	20090820	4251	1	0	605	605	2147484416	正常
20090820	4251	多头	20090821	4428	1	0	885	885	2147485184	正常
20090821	4428	空头	20090824	4501	1	0	-365	-365	2147484928	正常
20090824	4501	多头	20090825	4380	1	0	-605	-605	2147484416	正常
20090825	4380	空头	20090826	4364	1	0	80	80	2147484416	正常
20090826	4364	多头	20090827	4354	1	0	-50	-50	2147484416	正常
20090827	4354	空头	20090828	4210	1	0	720	720	2147485184	正常
20090828	4210	多头	20090831	4107	1	0	-515	-515	2147484672	正常
20090831	4107	空头	20090901	3946	1	0	805	805	2147485440	正常
20090901	3946	多头	20090902	3890	1	0	-280	-280	2147485184	正常
20090902	3890	空头	20090903	3791	1	0	495	495	2147485696	正常
20090903	3791	多头	20090904	3891	1	0	500	500	2147486208	正常
20090904	3891	空头	20090907	3750	1	0	705	705	2147486976	正常
20090907	3750	多头	20090908	3714	1	0	-180	-180	2147486720	正常
20090908	3714	空头	20090909	3700	1	0	70	70	2147486720	正常
20090909	3700	多头	20090910	3560	1	0	-700	-700	2147485952	正常
20090910	3560	空头	20090911	3720	1	0	-800	-800	2147485184	正常
20090911	3720	多头	20090914	3650	1	0	-350	-350	2147484928	正常
20090914	3650	空头	20090915	3600	1	0	250	250	2147485184	正常
20090915	3600	多头	20090918	4302	1	0	3510	3510	2147488768	正常
20090918	4302	空头	20090921	4230	1	0	360	360	2147489024	正常
20090921	4230	多头	20090922	4331	1	0	505	505	2147489536	正常
20090922	4331	空头	20090923	4291	1	0	200	200	2147489792	正常
20090923	4291	多头	20090924	4170	1	0	-605	-605	2147489280	正常
20090924	4170	空头	20090925	4100	1	0	350	350	2147489536	正常
20090925	4100	多头	20090928	3983	1	0	-585	-585	2147489024	正常
20090928	3983	空头	20090929	3960	1	0	115	115	2147489024	正常
20090929	3960	多头	20090930	4066	1	0	530	530	2147489536	正常
20090930	4066	空头	20091009	4060	1	0	30	30	2147489536	正常
20091009	4060	多头	20091012	3996	1	0	-320	-320	2147489280	正常
20091012	3996	空头	20091013	3995	1	0	5	5	2147489280	正常
20091013	3995	多头	20091014	4000	1	0	25	25	2147489280	正常
20091014	4000	空头	20091015	4020	1	0	-100	-100	2147489280	正常
20091015	4020	多头	20091016	4035	1	0	75	75	2147489280	正常
20091016	4035	空头	20091019	4065	1	0	-150	-150	2147489024	正常
20091019	4065	多头	20091020	4085	1	0	100	100	2147489024	正常
20091020	4085	空头	20091021	4110	1	0	-125	-125	2147489024	正常
20091021	4110	多头	20091022	4147	1	0	185	185	2147489280	正常
20091022	4147	空头	20091023	4143	1	0	20	20	2147489280	正常
20091023	4143	多头	20091026	4190	1	0	235	235	2147489536	正常
20091026	4190	空头	20091027	4253	1	0	-315	-315	2147489280	正常
20091027	4253	多头	20091028	4220	1	0	-165	-165	2147489024	正常
20091028	4220	空头	20091029	4160	1	0	300	300	2147489280	正常
20091029	4160	多头	20091030	4218	1	0	290	290	2147489536	正常
20091030	4218	空头	20091102	4200	1	0	90	90	2147489536	正常
20091102	4200	多头	20091103	4241	1	0	205	205	2147489792	正常
20091103	4241	空头	20091104	4245	1	0	-20	-20	2147489792	正常
20091104	4245	多头	20091105	4265	1	0	100	100	2147489792	正常
20091105	4265	空头	20091106	4337	1	0	-360	-360	2147489536	正常
20091106	4337	多头	20091109	4406	1	0	345	345	2147489792	正常
20091109	4406	空头	20091110	4471	1	0	-325	-325	2147489536	正常
20091110	4471	多头	20091111	4480	1	0	45	45	2147489536	正常
20091111	4480	空头	20091112	4482	1	0	-10	-10	2147489536	正常
20091112	4482	多头	20091113	4445	1	0	-185	-185	2147489280	正常
20091113	4445	空头	20091116	4562	1	0	-585	-585	2147488768	正常
20091116	4562	多头	20091117	4507	1	0	-275	-275	2147488512	正常
20091117	4507	空头	20091118	4572	1	0	-325	-325	2147488256	正常
20091118	4572	多头	20091119	4589	1	0	85	85	2147488256	正常
20091119	4589	空头	20091120	4632	1	0	-215	-215	2147488000	正常
20091120	4632	多头	20091123	4471	1	0	-805	-805	2147487232	正常
20091123	4471	空头	20091124	4611	1	0	-700	-700	2147486464	正常
20091124	4611	多头	20091125	4646	1	0	175	175	2147486720	正常
20091125	4646	空头	20091126	4669	1	0	-115	-115	2147486720	正常
20091126	4669	多头	20091127	4511	1	0	-790	-790	2147485952	正常
20091127	4511	空头	20091130	4551	1	0	-200	-200	2147485696	正常
20091130	4551	多头	20091201	4553	1	0	10	10	2147485696	正常
20091201	4553	空头	20091202	4591	1	0	-190	-190	2147485440	正常
20091202	4591	多头	20091203	4639	1	0	240	240	2147485696	正常
20091203	4639	空头	20091204	4620	1	0	95	95	2147485696	正常
20091204	4620	多头	20091207	4634	1	0	70	70	2147485696	正常
20091207	4634	空头	20091208	4614	1	0	100	100	2147485696	正常
20091208	4614	多头	20091209	4568	1	0	-230	-230	2147485440	正常
20091209	4568	空头	20091210	4556	1	0	60	60	2147485440	正常
20091210	4556	多头	20091211	4630	1	0	370	370	2147485696	正常
20091211	4630	空头	20091214	4620	1	0	50	50	2147485696	正常
20091214	4620	多头	20091215	4449	1	0	-855	-855	2147484928	正常
20091215	4449	空头	20091216	4630	1	0	-905	-905	2147483904	正常
20091216	4630	多头	20091217	4630	1	0	0	0	2147483904	正常
20091217	4630	空头	20091218	4586	1	0	220	220	2147484160	正常
20091218	4586	多头	20091221	4582	1	0	-20	-20	2147484160	正常
20091221	4582	空头	20091222	4455	1	0	635	635	2147484672	正常
20091222	4455	多头	20091223	4598	1	0	715	715	2147485440	正常
20091223	4598	空头	20091224	4603	1	0	-25	-25	2147485440	正常
20091224	4603	多头	20091225	4621	1	0	90	90	2147485440	正常
20091225	4621	空头	20091228	4661	1	0	-200	-200	2147485184	正常
20091228	4661	多头	20091229	4610	1	0	-255	-255	2147484928	正常
20091229	4610	空头	20091230	4619	1	0	-45	-45	2147484928	正常
20091230	4619	多头	20091231	4610	1	0	-45	-45	2147484928	正常
20091231	4610	空头	20100104	4671	1	0	-305	-305	2147484672	正常
20100104	4671	多头	20100105	4693	1	0	110	110	2147484672	正常
20100105	4693	空头	20100106	4691	1	0	10	10	2147484672	正常
20100106	4691	多头	20100107	4561	1	0	-650	-650	2147483904	正常
20100107	4561	空头	20100108	4611	1	0	-250	-250	2147483648	正常
20100108	4611	多头	20100111	4670	1	0	295	295	2147483904	正常
20100111	4670	空头	20100112	4661	1	0	45	45	2147483904	正常
20100112	4661	多头	20100113	4581	1	0	-400	-400	2147483520	正常
20100113	4581	空头	20100114	4641	1	0	-300	-300	2147483264	正常
20100114	4641	多头	20100115	4602	1	0	-195	-195	2147483008	正常
20100115	4602	空头	20100118	4585	1	0	85	85	2147483136	正常
20100118	4585	多头	20100119	4609	1	0	120	120	2147483264	正常
20100119	4609	空头	20100120	4610	1	0	-5	-5	2147483264	正常
20100120	4610	多头	20100121	4586	1	0	-120	-120	2147483136	正常
20100121	4586	空头	20100122	4512	1	0	370	370	2147483520	正常
20100122	4512	多头	20100125	4484	1	0	-140	-140	2147483392	正常
20100125	4484	空头	20100126	4484	1	0	0	0	2147483392	正常
20100126	4484	多头	20100127	4492	1	0	40	40	2147483392	正常
20100127	4492	空头	20100128	4480	1	0	60	60	2147483392	正常
20100128	4480	多头	20100129	4500	1	0	100	100	2147483520	正常
20100129	4500	空头	20100201	4492	1	0	40	40	2147483520	正常
20100201	4492	多头	20100202	4328	1	0	-820	-820	2147482752	正常
20100202	4328	空头	20100203	4351	1	0	-115	-115	2147482624	正常
20100203	4351	多头	20100204	4333	1	0	-90	-90	2147482496	正常
20100204	4333	空头	20100205	4296	1	0	185	185	2147482624	正常
20100205	4296	多头	20100208	4336	1	0	200	200	2147482880	正常
20100208	4336	空头	20100209	4341	1	0	-25	-25	2147482880	正常
20100209	4341	多头	20100210	4382	1	0	205	205	2147483136	正常
20100210	4382	空头	20100211	4413	1	0	-155	-155	2147483008	正常
20100211	4413	多头	20100212	4443	1	0	150	150	2147483136	正常
20100212	4443	空头	20100222	4432	1	0	55	55	2147483136	正常
20100222	4432	多头	20100223	4435	1	0	15	15	2147483136	正常
20100223	4435	空头	20100224	4460	1	0	-125	-125	2147483008	正常
20100224	4460	多头	20100225	4458	1	0	-10	-10	2147483008	正常
20100225	4458	空头	20100226	4455	1	0	15	15	2147483008	正常
20100226	4455	多头	20100301	4495	1	0	200	200	2147483264	正常
20100301	4495	空头	20100302	4473	1	0	110	110	2147483392	正常
20100302	4473	多头	20100303	4448	1	0	-125	-125	2147483264	正常
20100303	4448	空头	20100304	4408	1	0	200	200	2147483520	正常
20100304	4408	多头	20100305	4396	1	0	-60	-60	2147483520	正常
20100305	4396	空头	20100308	4467	1	0	-355	-355	2147483136	正常
20100308	4467	多头	20100309	4493	1	0	130	130	2147483264	正常
20100309	4493	空头	20100310	4517	1	0	-120	-120	2147483136	正常
20100310	4517	多头	20100311	4502	1	0	-75	-75	2147483008	正常
20100311	4502	空头	20100312	4540	1	0	-190	-190	2147482880	正常
20100312	4540	多头	20100315	4528	1	0	-60	-60	2147482880	正常
20100315	4528	空头	20100316	4541	1	0	-65	-65	2147482752	正常
20100316	4541	多头	20100317	4640	1	0	495	495	2147483264	正常
20100317	4640	空头	20100318	4631	1	0	45	45	2147483264	正常
20100318	4631	多头	20100319	4627	1	0	-20	-20	2147483264	正常
20100319	4627	空头	20100322	4649	1	0	-110	-110	2147483136	正常
20100322	4649	多头	20100323	4662	1	0	65	65	2147483264	正常
20100323	4662	空头	20100324	4650	1	0	60	60	2147483264	正常
20100324	4650	多头	20100325	4681	1	0	155	155	2147483392	正常
20100325	4681	空头	20100326	4701	1	0	-100	-100	2147483264	正常
20100326	4701	多头	20100329	4708	1	0	35	35	2147483264	正常
20100329	4708	空头	20100330	4675	1	0	165	165	2147483392	正常
20100330	4675	多头	20100331	4657	1	0	-90	-90	2147483264	正常
20100331	4657	空头	20100401	4656	1	0	5	5	2147483264	正常
20100401	4656	多头	20100402	4675	1	0	95	95	2147483392	正常
20100402	4675	空头	20100406	4710	1	0	-175	-175	2147483264	正常
20100406	4710	多头	20100407	4740	1	0	150	150	2147483392	正常
20100407	4740	空头	20100408	4717	1	0	115	115	2147483520	正常
20100408	4717	多头	20100409	4713	1	0	-20	-20	2147483520	正常
20100409	4713	空头	20100412	4760	1	0	-235	-235	2147483264	正常
20100412	4760	多头	20100413	4761	1	0	5	5	2147483264	正常
20100413	4761	空头	20100414	4765	1	0	-20	-20	2147483264	正常
20100414	4765	多头	20100415	4735	1	0	-150	-150	2147483136	正常
20100415	4735	空头	20100416	4723	1	0	60	60	2147483136	正常
20100416	4723	多头	20100419	4667	1	0	-280	-280	2147482880	正常
20100419	4667	空头	20100420	4676	1	0	-45	-45	2147482880	正常
20100420	4676	多头	20100421	4666	1	0	-50	-50	2147482880	正常
20100421	4666	空头	20100422	4663	1	0	15	15	2147482880	正常
20100422	4663	多头	20100423	4662	1	0	-5	-5	2147482880	正常
20100423	4662	空头	20100426	4650	1	0	60	60	2147482880	正常
20100426	4650	多头	20100427	4600	1	0	-250	-250	2147482624	正常
20100427	4600	空头	20100428	4523	1	0	385	385	2147483008	正常
20100428	4523	多头	20100429	4506	1	0	-85	-85	2147482880	正常
20100429	4506	空头	20100430	4520	1	0	-70	-70	2147482752	正常
20100430	4520	多头	20100504	4522	1	0	10	10	2147482752	正常
20100504	4522	空头	20100505	4522	1	0	0	0	2147482752	正常
20100505	4522	多头	20100506	4523	1	0	5	5	2147482752	正常
20100506	4523	空头	20100507	4437	1	0	430	430	2147483136	正常
20100507	4437	多头	20100510	4393	1	0	-220	-220	2147482880	正常
20100510	4393	空头	20100511	4360	1	0	165	165	2147483008	正常
20100511	4360	多头	20100512	4300	1	0	-300	-300	2147482752	正常
20100512	4300	空头	20100513	4278	1	0	110	110	2147482880	正常
20100513	4278	多头	20100514	4270	1	0	-40	-40	2147482880	正常
20100514	4270	空头	20100517	4085	1	0	925	925	2147483904	正常
20100517	4085	多头	20100518	4043	1	0	-210	-210	2147483648	正常
20100518	4043	空头	20100519	4060	1	0	-85	-85	2147483520	正常
20100519	4060	多头	20100520	4132	1	0	360	360	2147483904	正常
20100520	4132	空头	20100521	4070	1	0	310	310	2147484160	正常
20100521	4070	多头	20100524	4141	1	0	355	355	2147484416	正常
20100524	4141	空头	20100525	4164	1	0	-115	-115	2147484416	正常
20100525	4164	多头	20100526	4160	1	0	-20	-20	2147484416	正常
20100526	4160	空头	20100527	4133	1	0	135	135	2147484672	正常
20100527	4133	多头	20100528	4162	1	0	145	145	2147484928	正常
20100528	4162	空头	20100531	4130	1	0	160	160	2147485184	正常
20100531	4130	多头	20100601	4095	1	0	-175	-175	2147484928	正常
20100601	4095	空头	20100602	4083	1	0	60	60	2147484928	正常
20100602	4083	多头	20100603	4111	1	0	140	140	2147485184	正常
20100603	4111	空头	20100604	4088	1	0	115	115	2147485184	正常
20100604	4088	多头	20100607	3960	1	0	-640	-640	2147484672	正常
20100607	3960	空头	20100608	3976	1	0	-80	-80	2147484672	正常
20100608	3976	多头	20100609	3999	1	0	115	115	2147484672	正常
20100609	3999	空头	20100610	4011	1	0	-60	-60	2147484672	正常
20100610	4011	多头	20100611	4035	1	0	120	120	2147484672	正常
20100611	4035	空头	20100617	4045	1	0	-50	-50	2147484672	正常
20100617	4045	多头	20100618	4017	1	0	-140	-140	2147484416	正常
20100618	4017	空头	20100621	4020	1	0	-15	-15	2147484416	正常
20100621	4020	多头	20100622	4058	1	0	190	190	2147484672	正常
20100622	4058	空头	20100623	3995	1	0	315	315	2147484928	正常
20100623	3995	多头	20100624	4015	1	0	100	100	2147484928	正常
20100624	4015	空头	20100625	4023	1	0	-40	-40	2147484928	正常
20100625	4023	多头	20100628	3985	1	0	-190	-190	2147484672	正常
20100628	3985	空头	20100629	3948	1	0	185	185	2147484928	正常
20100629	3948	多头	20100630	3928	1	0	-100	-100	2147484928	正常
20100630	3928	空头	20100701	3914	1	0	70	70	2147484928	正常
20100701	3914	多头	20100702	3886	1	0	-140	-140	2147484672	正常
20100702	3886	空头	20100705	3906	1	0	-100	-100	2147484672	正常
20100705	3906	多头	20100706	3905	1	0	-5	-5	2147484672	正常
20100706	3905	空头	20100707	3900	1	0	25	25	2147484672	正常
20100707	3900	多头	20100708	3889	1	0	-55	-55	2147484672	正常
20100708	3889	空头	20100709	3868	1	0	105	105	2147484672	正常
20100709	3868	多头	20100712	3870	1	0	10	10	2147484672	正常
20100712	3870	空头	20100713	3837	1	0	165	165	2147484928	正常
20100713	3837	多头	20100714	3826	1	0	-55	-55	2147484928	正常
20100714	3826	空头	20100715	3820	1	0	30	30	2147484928	正常
20100715	3820	多头	20100716	3823	1	0	15	15	2147484928	正常
20100716	3823	空头	20100719	3805	1	0	90	90	2147484928	正常
20100719	3805	多头	20100720	3880	1	0	375	375	2147485184	正常
20100720	3880	空头	20100721	3928	1	0	-240	-240	2147484928	正常
20100721	3928	多头	20100722	3930	1	0	10	10	2147484928	正常
20100722	3930	空头	20100723	3944	1	0	-70	-70	2147484928	正常
20100723	3944	多头	20100726	3957	1	0	65	65	2147484928	正常
20100726	3957	空头	20100727	3918	1	0	195	195	2147485184	正常
20100727	3918	多头	20100728	3917	1	0	-5	-5	2147485184	正常
20100728	3917	空头	20100729	3937	1	0	-100	-100	2147485184	正常
20100729	3937	多头	20100730	3948	1	0	55	55	2147485184	正常
20100730	3948	空头	20100802	4000	1	0	-260	-260	2147484928	正常
20100802	4000	多头	20100803	4027	1	0	135	135	2147485184	正常
20100803	4027	空头	20100804	4025	1	0	10	10	2147485184	正常
20100804	4025	多头	20100805	4033	1	0	40	40	2147485184	正常
20100805	4033	空头	20100806	4030	1	0	15	15	2147485184	正常
20100806	4030	多头	20100809	4070	1	0	200	200	2147485440	正常
20100809	4070	空头	20100810	4095	1	0	-125	-125	2147485440	正常
20100810	4095	多头	20100811	4072	1	0	-115	-115	2147485440	正常
20100811	4072	空头	20100812	4079	1	0	-35	-35	2147485440	正常
20100812	4079	多头	20100813	4085	1	0	30	30	2147485440	正常
20100813	4085	空头	20100816	4090	1	0	-25	-25	2147485440	正常
20100816	4090	多头	20100817	4130	1	0	200	200	2147485696	正常
20100817	4130	空头	20100818	4146	1	0	-80	-80	2147485696	正常
20100818	4146	多头	20100819	4155	1	0	45	45	2147485696	正常
20100819	4155	空头	20100820	4142	1	0	65	65	2147485696	正常
20100820	4142	多头	20100823	4119	1	0	-115	-115	2147485696	正常
20100823	4119	空头	20100824	4107	1	0	60	60	2147485696	正常
20100824	4107	多头	20100825	4098	1	0	-45	-45	2147485696	正常
20100825	4098	空头	20100826	4111	1	0	-65	-65	2147485696	正常
20100826	4111	多头	20100827	4115	1	0	20	20	2147485696	正常
20100827	4115	空头	20100830	4130	1	0	-75	-75	2147485696	正常
20100830	4130	多头	20100831	4160	1	0	150	150	2147485952	正常
20100831	4160	空头	20100901	4220	1	0	-300	-300	2147485696	正常
20100901	4220	多头	20100902	4248	1	0	140	140	2147485952	正常
20100902	4248	空头	20100906	4400	1	0	-760	-760	2147485184	正常
20100906	4400	多头	20100907	4426	1	0	130	130	2147485440	正常
20100907	4426	空头	20100908	4441	1	0	-75	-75	2147485440	正常
20100908	4441	多头	20100909	4361	1	0	-400	-400	2147484928	正常
20100909	4361	空头	20100910	4410	1	0	-245	-245	2147484672	正常
20100910	4410	多头	20100913	4450	1	0	200	200	2147484928	正常
20100913	4450	空头	20100915	4400	1	0	250	250	2147485184	正常
20100915	4400	多头	20100916	4480	1	0	400	400	2147485696	正常
20100916	4480	空头	20100917	4440	1	0	200	200	2147485952	正常
20100917	4440	多头	20100920	4480	1	0	200	200	2147486208	正常
20100920	4480	空头	20100921	4450	1	0	150	150	2147486464	正常
20100921	4450	多头	20100927	4415	1	0	-175	-175	2147486208	正常
20100927	4415	空头	20100928	4417	1	0	-10	-10	2147486208	正常
20100928	4417	多头	20100929	4370	1	0	-235	-235	2147485952	正常
20100929	4370	空头	20100930	4400	1	0	-150	-150	2147485696	正常
20100930	4400	多头	20101008	4463	1	0	315	315	2147485952	正常
20101008	4463	空头	20101011	4519	1	0	-280	-280	2147485696	正常
20101011	4519	多头	20101012	4501	1	0	-90	-90	2147485696	正常
20101012	4501	空头	20101013	4534	1	0	-165	-165	2147485440	正常
20101013	4534	多头	20101014	4560	1	0	130	130	2147485696	正常
20101014	4560	空头	20101015	4501	1	0	295	295	2147485952	正常
20101015	4501	多头	20101018	4550	1	0	245	245	2147486208	正常
20101018	4550	空头	20101019	4570	1	0	-100	-100	2147486208	正常
20101019	4570	多头	20101020	4524	1	0	-230	-230	2147485952	正常
20101020	4524	空头	20101021	4542	1	0	-90	-90	2147485952	正常
20101021	4542	多头	20101022	4453	1	0	-445	-445	2147485440	正常
20101022	4453	空头	20101025	4494	1	0	-205	-205	2147485184	正常
20101025	4494	多头	20101026	4561	1	0	335	335	2147485440	正常
20101026	4561	空头	20101027	4571	1	0	-50	-50	2147485440	正常
20101027	4571	多头	20101028	4580	1	0	45	45	2147485440	正常
20101028	4580	空头	20101029	4558	1	0	110	110	2147485440	正常
20101029	4558	多头	20101101	4598	1	0	200	200	2147485696	正常
20101101	4598	空头	20101102	4618	1	0	-100	-100	2147485696	正常
20101102	4618	多头	20101103	4623	1	0	25	25	2147485696	正常
20101103	4623	空头	20101104	4632	1	0	-45	-45	2147485696	正常
20101104	4632	多头	20101105	4713	1	0	405	405	2147486208	正常
20101105	4713	空头	20101108	4753	1	0	-200	-200	2147485952	正常
20101108	4753	多头	20101109	4768	1	0	75	75	2147485952	正常
20101109	4768	空头	20101110	4784	1	0	-80	-80	2147485952	正常
20101110	4784	多头	20101111	4770	1	0	-70	-70	2147485952	正常
20101111	4770	空头	20101112	4606	1	0	820	820	2147486720	正常
20101112	4606	多头	20101115	4588	1	0	-90	-90	2147486720	正常
20101115	4588	空头	20101116	4691	1	0	-515	-515	2147486208	正常
20101116	4691	多头	20101117	4510	1	0	-905	-905	2147485184	正常
20101117	4510	空头	20101118	4621	1	0	-555	-555	2147484672	正常
20101118	4621	多头	20101119	4658	1	0	185	185	2147484928	正常
20101119	4658	空头	20101122	4639	1	0	95	95	2147484928	正常
20101122	4639	多头	20101123	4657	1	0	90	90	2147484928	正常
20101123	4657	空头	20101124	4656	1	0	5	5	2147484928	正常
20101124	4656	多头	20101125	4741	1	0	425	425	2147485440	正常
20101125	4741	空头	20101126	4700	1	0	205	205	2147485696	正常
20101126	4700	多头	20101129	4703	1	0	15	15	2147485696	正常
20101129	4703	空头	20101130	4677	1	0	130	130	2147485952	正常
20101130	4677	多头	20101201	4686	1	0	45	45	2147485952	正常
20101201	4686	空头	20101202	4728	1	0	-210	-210	2147485696	正常
20101202	4728	多头	20101203	4731	1	0	15	15	2147485696	正常
20101203	4731	空头	20101206	4719	1	0	60	60	2147485696	正常
20101206	4719	多头	20101207	4751	1	0	160	160	2147485952	正常
20101207	4751	空头	20101208	4750	1	0	5	5	2147485952	正常
20101208	4750	多头	20101209	4756	1	0	30	30	2147485952	正常
20101209	4756	空头	20101210	4730	1	0	130	130	2147486208	正常
20101210	4730	多头	20101213	4741	1	0	55	55	2147486208	正常
20101213	4741	空头	20101214	4785	1	0	-220	-220	2147485952	正常
20101214	4785	多头	20101215	4783	1	0	-10	-10	2147485952	正常
20101215	4783	空头	20101216	4793	1	0	-50	-50	2147485952	正常
20101216	4793	多头	20101217	4805	1	0	60	60	2147485952	正常
20101217	4805	空头	20101220	4770	1	0	175	175	2147486208	正常
20101220	4770	多头	20101221	4814	1	0	220	220	2147486464	正常
20101221	4814	空头	20101222	4793	1	0	105	105	2147486464	正常
20101222	4793	多头	20101223	4787	1	0	-30	-30	2147486464	正常
20101223	4787	空头	20101224	4782	1	0	25	25	2147486464	正常
20101224	4782	多头	20101227	4766	1	0	-80	-80	2147486464	正常
20101227	4766	空头	20101228	4773	1	0	-35	-35	2147486464	正常
20101228	4773	多头	20101229	4764	1	0	-45	-45	2147486464	正常
20101229	4764	空头	20101230	4782	1	0	-90	-90	2147486464	正常
20101230	4782	多头	20101231	4807	1	0	125	125	2147486464	正常
20101231	4807	空头	20110104	4823	1	0	-80	-80	2147486464	正常
20110104	4823	多头	20110105	4826	1	0	15	15	2147486464	正常
20110105	4826	空头	20110106	4867	1	0	-205	-205	2147486208	正常
20110106	4867	多头	20110107	4840	1	0	-135	-135	2147485952	正常
20110107	4840	空头	20110110	4880	1	0	-200	-200	2147485696	正常
20110110	4880	多头	20110111	4920	1	0	200	200	2147485952	正常
20110111	4920	空头	20110112	4910	1	0	50	50	2147485952	正常
20110112	4910	多头	20110113	4860	1	0	-250	-250	2147485696	正常
20110113	4860	空头	20110114	4930	1	0	-350	-350	2147485440	正常
20110114	4930	多头	20110117	4943	1	0	65	65	2147485440	正常
20110117	4943	空头	20110118	4950	1	0	-35	-35	2147485440	正常
20110118	4950	多头	20110119	4955	1	0	25	25	2147485440	正常
20110119	4955	空头	20110120	4955	1	0	0	0	2147485440	正常
20110120	4955	多头	20110121	4944	1	0	-55	-55	2147485440	正常
20110121	4944	空头	20110124	4995	1	0	-255	-255	2147485184	正常
20110124	4995	多头	20110125	4998	1	0	15	15	2147485184	正常
20110125	4998	空头	20110126	4975	1	0	115	115	2147485184	正常
20110126	4975	多头	20110127	4961	1	0	-70	-70	2147485184	正常
20110127	4961	空头	20110128	4982	1	0	-105	-105	2147485184	正常
20110128	4982	多头	20110131	5004	1	0	110	110	2147485184	正常
20110131	5004	空头	20110201	5026	1	0	-110	-110	2147485184	正常
20110201	5026	多头	20110209	5052	1	0	130	130	2147485440	正常
20110209	5052	空头	20110210	5065	1	0	-65	-65	2147485440	正常
20110210	5065	多头	20110211	5098	1	0	165	165	2147485696	正常
20110211	5098	空头	20110214	5089	1	0	45	45	2147485696	正常
20110214	5089	多头	20110215	5100	1	0	55	55	2147485696	正常
20110215	5100	空头	20110216	5051	1	0	245	245	2147485952	正常
20110216	5051	多头	20110217	4990	1	0	-305	-305	2147485696	正常
20110217	4990	空头	20110218	4968	1	0	110	110	2147485696	正常
20110218	4968	多头	20110221	4945	1	0	-115	-115	2147485696	正常
20110221	4945	空头	20110222	4940	1	0	25	25	2147485696	正常
20110222	4940	多头	20110223	4906	1	0	-170	-170	2147485440	正常
20110223	4906	空头	20110224	4861	1	0	225	225	2147485696	正常
20110224	4861	多头	20110225	4853	1	0	-40	-40	2147485696	正常
20110225	4853	空头	20110228	4861	1	0	-40	-40	2147485696	正常
20110228	4861	多头	20110301	4808	1	0	-265	-265	2147485440	正常
20110301	4808	空头	20110302	4788	1	0	100	100	2147485440	正常
20110302	4788	多头	20110303	4782	1	0	-30	-30	2147485440	正常
20110303	4782	空头	20110304	4753	1	0	145	145	2147485696	正常
20110304	4753	多头	20110307	4780	1	0	135	135	2147485952	正常
20110307	4780	空头	20110308	4715	1	0	325	325	2147486208	正常
20110308	4715	多头	20110309	4735	1	0	100	100	2147486208	正常
20110309	4735	空头	20110310	4653	1	0	410	410	2147486720	正常
20110310	4653	多头	20110311	4634	1	0	-95	-95	2147486720	正常
20110311	4634	空头	20110314	4637	1	0	-15	-15	2147486720	正常
20110314	4637	多头	20110315	4687	1	0	250	250	2147486976	正常
20110315	4687	空头	20110316	4726	1	0	-195	-195	2147486720	正常
20110316	4726	多头	20110317	4756	1	0	150	150	2147486976	正常
20110317	4756	空头	20110318	4701	1	0	275	275	2147487232	正常
20110318	4701	多头	20110321	4625	1	0	-380	-380	2147486976	正常
20110321	4625	空头	20110322	4603	1	0	110	110	2147486976	正常
20110322	4603	多头	20110323	4630	1	0	135	135	2147487232	正常
20110323	4630	空头	20110324	4380	1	0	1250	1250	2147488512	正常
20110324	4380	多头	20110325	4669	1	0	1445	1445	2147490048	正常
20110325	4669	空头	20110328	4709	1	0	-200	-200	2147489792	正常
20110328	4709	多头	20110329	4727	1	0	90	90	2147489792	正常
20110329	4727	空头	20110330	4718	1	0	45	45	2147489792	正常
20110330	4718	多头	20110331	4735	1	0	85	85	2147489792	正常
20110331	4735	空头	20110401	4650	1	0	425	425	2147490304	正常
20110401	4650	多头	20110406	4765	1	0	575	575	2147490816	正常
20110406	4765	空头	20110407	4814	1	0	-245	-245	2147490560	正常
20110407	4814	多头	20110408	4825	1	0	55	55	2147490560	正常
20110408	4825	空头	20110411	4850	1	0	-125	-125	2147490560	正常
20110411	4850	多头	20110412	4834	1	0	-80	-80	2147490560	正常
20110412	4834	空头	20110413	4818	1	0	80	80	2147490560	正常
20110413	4818	多头	20110414	4864	1	0	230	230	2147490816	正常
20110414	4864	空头	20110415	4753	1	0	555	555	2147491328	正常
20110415	4753	多头	20110418	4765	1	0	60	60	2147491328	正常
20110418	4765	空头	20110419	4733	1	0	160	160	2147491584	正常
20110419	4733	多头	20110420	4751	1	0	90	90	2147491584	正常
20110420	4751	空头	20110421	4789	1	0	-190	-190	2147491328	正常
20110421	4789	多头	20110422	4796	1	0	35	35	2147491328	正常
20110422	4796	空头	20110425	4825	1	0	-145	-145	2147491072	正常
20110425	4825	多头	20110426	4805	1	0	-100	-100	2147491072	正常
20110426	4805	空头	20110427	4845	1	0	-200	-200	2147490816	正常
20110427	4845	多头	20110428	4860	1	0	75	75	2147490816	正常
20110428	4860	空头	20110429	4811	1	0	245	245	2147491072	正常
20110429	4811	多头	20110503	4890	1	0	395	395	2147491584	正常
20110503	4890	空头	20110504	4891	1	0	-5	-5	2147491584	正常
20110504	4891	多头	20110505	4859	1	0	-160	-160	2147491328	正常
20110505	4859	空头	20110506	4781	1	0	390	390	2147491840	正常
20110506	4781	多头	20110509	4771	1	0	-50	-50	2147491840	正常
20110509	4771	空头	20110510	4809	1	0	-190	-190	2147491584	正常
20110510	4809	多头	20110511	4815	1	0	30	30	2147491584	正常
20110511	4815	空头	20110512	4763	1	0	260	260	2147491840	正常
20110512	4763	多头	20110513	4778	1	0	75	75	2147491840	正常
20110513	4778	空头	20110516	4813	1	0	-175	-175	2147491584	正常
20110516	4813	多头	20110517	4799	1	0	-70	-70	2147491584	正常
20110517	4799	空头	20110518	4805	1	0	-30	-30	2147491584	正常
20110518	4805	多头	20110519	4823	1	0	90	90	2147491584	正常
20110519	4823	空头	20110520	4814	1	0	45	45	2147491584	正常
20110520	4814	多头	20110523	4782	1	0	-160	-160	2147491328	正常
20110523	4782	空头	20110524	4778	1	0	20	20	2147491328	正常
20110524	4778	多头	20110525	4822	1	0	220	220	2147491584	正常
20110525	4822	空头	20110526	4830	1	0	-40	-40	2147491584	正常
20110526	4830	多头	20110527	4866	1	0	180	180	2147491840	正常
20110527	4866	空头	20110530	4893	1	0	-135	-135	2147491584	正常
20110530	4893	多头	20110531	4892	1	0	-5	-5	2147491584	正常
20110531	4892	空头	20110601	4890	1	0	10	10	2147491584	正常
20110601	4890	多头	20110602	4874	1	0	-80	-80	2147491584	正常
20110602	4874	空头	20110603	4893	1	0	-95	-95	2147491584	正常
20110603	4893	多头	20110607	4891	1	0	-10	-10	2147491584	正常
20110607	4891	空头	20110608	4885	1	0	30	30	2147491584	正常
20110608	4885	多头	20110609	4890	1	0	25	25	2147491584	正常
20110609	4890	空头	20110610	4908	1	0	-90	-90	2147491584	正常
20110610	4908	多头	20110613	4879	1	0	-145	-145	2147491328	正常
20110613	4879	空头	20110614	4884	1	0	-25	-25	2147491328	正常
20110614	4884	多头	20110615	4882	1	0	-10	-10	2147491328	正常
20110615	4882	空头	20110616	4871	1	0	55	55	2147491328	正常
20110616	4871	多头	20110617	4825	1	0	-230	-230	2147491072	正常
20110617	4825	空头	20110620	4788	1	0	185	185	2147491328	正常
20110620	4788	多头	20110621	4791	1	0	15	15	2147491328	正常
20110621	4791	空头	20110622	4792	1	0	-5	-5	2147491328	正常
20110622	4792	多头	20110623	4765	1	0	-135	-135	2147491072	正常
20110623	4765	空头	20110624	4732	1	0	165	165	2147491328	正常
20110624	4732	多头	20110627	4820	1	0	440	440	2147491840	正常
20110627	4820	空头	20110628	4820	1	0	0	0	2147491840	正常
20110628	4820	多头	20110629	4831	1	0	55	55	2147491840	正常
20110629	4831	空头	20110630	4825	1	0	30	30	2147491840	正常
20110630	4825	多头	20110701	4844	1	0	95	95	2147491840	正常
20110701	4844	空头	20110704	4812	1	0	160	160	2147492096	正常
20110704	4812	多头	20110705	4884	1	0	360	360	2147492352	正常
20110705	4884	空头	20110706	4893	1	0	-45	-45	2147492352	正常
20110706	4893	多头	20110707	4901	1	0	40	40	2147492352	正常
20110707	4901	空头	20110708	4895	1	0	30	30	2147492352	正常
20110708	4895	多头	20110711	4890	1	0	-25	-25	2147492352	正常
20110711	4890	空头	20110712	4932	1	0	-210	-210	2147492096	正常
20110712	4932	多头	20110713	4961	1	0	145	145	2147492352	正常
20110713	4961	空头	20110714	4980	1	0	-95	-95	2147492352	正常
20110714	4980	多头	20110715	4985	1	0	25	25	2147492352	正常
20110715	4985	空头	20110718	4978	1	0	35	35	2147492352	正常
20110718	4978	多头	20110719	4971	1	0	-35	-35	2147492352	正常
20110719	4971	空头	20110720	4985	1	0	-70	-70	2147492352	正常
20110720	4985	多头	20110721	4980	1	0	-25	-25	2147492352	正常
20110721	4980	空头	20110722	4997	1	0	-85	-85	2147492352	正常
20110722	4997	多头	20110725	4993	1	0	-20	-20	2147492352	正常
20110725	4993	空头	20110726	5004	1	0	-55	-55	2147492352	正常
20110726	5004	多头	20110727	5004	1	0	0	0	2147492352	正常
20110727	5004	空头	20110728	5014	1	0	-50	-50	2147492352	正常
20110728	5014	多头	20110729	5021	1	0	35	35	2147492352	正常
20110729	5021	空头	20110801	5044	1	0	-115	-115	2147492352	正常
20110801	5044	多头	20110802	5025	1	0	-95	-95	2147492352	正常
20110802	5025	空头	20110803	5008	1	0	85	85	2147492352	正常
20110803	5008	多头	20110804	5017	1	0	45	45	2147492352	正常
20110804	5017	空头	20110805	4923	1	0	470	470	2147492864	正常
20110805	4923	多头	20110808	4924	1	0	5	5	2147492864	正常
20110808	4924	空头	20110809	4770	1	0	770	770	2147493632	正常
20110809	4770	多头	20110810	4936	1	0	830	830	2147494400	正常
20110810	4936	空头	20110811	4940	1	0	-20	-20	2147494400	正常
20110811	4940	多头	20110812	4989	1	0	245	245	2147494656	正常
20110812	4989	空头	20110815	5032	1	0	-215	-215	2147494400	正常
20110815	5032	多头	20110816	4975	1	0	-285	-285	2147494144	正常
20110816	4975	空头	20110817	4912	1	0	315	315	2147494400	正常
20110817	4912	多头	20110818	4959	1	0	235	235	2147494656	正常
20110818	4959	空头	20110819	4941	1	0	90	90	2147494656	正常
20110819	4941	多头	20110822	4949	1	0	40	40	2147494656	正常
20110822	4949	空头	20110824	4910	1	0	195	195	2147494912	正常
20110824	4910	多头	20110825	4920	1	0	50	50	2147494912	正常
20110825	4920	空头	20110829	4851	1	0	345	345	2147495168	正常
20110829	4851	多头	20110830	4784	1	0	-335	-335	2147494912	正常
20110830	4784	空头	20110831	4562	1	0	1110	1110	2147495936	正常
20110831	4562	多头	20110908	4780	1	0	1090	1090	2147496960	正常
20110908	4780	空头	20110913	4780	1	0	0	0	2147496960	正常
20110913	4780	多头	20110920	4640	1	0	-700	-700	2147496192	正常
20110920	4640	空头	20110923	4480	1	0	800	800	2147496960	正常
20110923	4480	多头	20111010	4423	1	0	-285	-285	2147496704	正常
20111010	4423	空头	20111011	4327	1	0	480	480	2147497216	正常
20111011	4327	多头	20111013	4308	1	0	-95	-95	2147497216	正常
20111013	4308	空头	20111014	4432	1	0	-620	-620	2147496704	正常
20111014	4432	多头	20111017	4300	1	0	-660	-660	2147495936	正常
20111017	4300	空头	20111018	4212	1	0	440	440	2147496448	正常
20111018	4212	多头	20111019	4108	1	0	-520	-520	2147495936	正常
20111019	4108	空头	20111020	3970	1	0	690	690	2147496704	正常
20111020	3970	多头	20111021	3988	1	0	90	90	2147496704	正常
20111021	3988	空头	20111024	4005	1	0	-85	-85	2147496704	正常
20111024	4005	多头	20111025	4087	1	0	410	410	2147497216	正常
20111025	4087	空头	20111026	4044	1	0	215	215	2147497472	正常
20111026	4044	多头	20111027	4104	1	0	300	300	2147497728	正常
20111027	4104	空头	20111028	4110	1	0	-30	-30	2147497728	正常
20111028	4110	多头	20111031	4123	1	0	65	65	2147497728	正常
20111031	4123	空头	20111101	4100	1	0	115	115	2147497728	正常
20111101	4100	多头	20111102	4030	1	0	-350	-350	2147497472	正常
20111102	4030	空头	20111103	4060	1	0	-150	-150	2147497216	正常
20111103	4060	多头	20111104	4118	1	0	290	290	2147497472	正常
20111104	4118	空头	20111107	4148	1	0	-150	-150	2147497216	正常
20111107	4148	多头	20111108	4146	1	0	-10	-10	2147497216	正常
20111108	4146	空头	20111109	4192	1	0	-230	-230	2147496960	正常
20111109	4192	多头	20111110	4085	1	0	-535	-535	2147496448	正常
20111110	4085	空头	20111111	4133	1	0	-240	-240	2147496192	正常
20111111	4133	多头	20111114	4191	1	0	290	290	2147496448	正常
20111114	4191	空头	20111115	4170	1	0	105	105	2147496448	正常
20111115	4170	多头	20111116	4150	1	0	-100	-100	2147496448	正常
20111116	4150	空头	20111117	4140	1	0	50	50	2147496448	正常
20111117	4140	多头	20111118	4149	1	0	45	45	2147496448	正常
20111118	4149	空头	20111121	4050	1	0	495	495	2147496960	正常
20111121	4050	多头	20111122	4081	1	0	155	155	2147497216	正常
20111122	4081	空头	20111123	4066	1	0	75	75	2147497216	正常
20111123	4066	多头	20111124	4021	1	0	-225	-225	2147496960	正常
20111124	4021	空头	20111125	4030	1	0	-45	-45	2147496960	正常
20111125	4030	多头	20111128	4071	1	0	205	205	2147497216	正常
20111128	4071	空头	20111129	4122	1	0	-255	-255	2147496960	正常
20111129	4122	多头	20111130	4089	1	0	-165	-165	2147496704	正常
20111130	4089	空头	20111201	4169	1	0	-400	-400	2147496192	正常
20111201	4169	多头	20111202	4147	1	0	-110	-110	2147496192	正常
20111202	4147	空头	20111205	4157	1	0	-50	-50	2147496192	正常
20111205	4157	多头	20111206	4134	1	0	-115	-115	2147496192	正常
20111206	4134	空头	20111207	4146	1	0	-60	-60	2147496192	正常
20111207	4146	多头	20111208	4141	1	0	-25	-25	2147496192	正常
20111208	4141	空头	20111209	4146	1	0	-25	-25	2147496192	正常
20111209	4146	多头	20111212	4136	1	0	-50	-50	2147496192	正常
20111212	4136	空头	20111213	4109	1	0	135	135	2147496448	正常
20111213	4109	多头	20111214	4130	1	0	105	105	2147496448	正常
20111214	4130	空头	20111215	4100	1	0	150	150	2147496704	正常
20111215	4100	多头	20111216	4140	1	0	200	200	2147496960	正常
20111216	4140	空头	20111219	4156	1	0	-80	-80	2147496960	正常
20111219	4156	多头	20111220	4171	1	0	75	75	2147496960	正常
20111220	4171	空头	20111221	4183	1	0	-60	-60	2147496960	正常
20111221	4183	多头	20111222	4183	1	0	0	0	2147496960	正常
20111222	4183	空头	20111223	4200	1	0	-85	-85	2147496960	正常
20111223	4200	多头	20111226	4209	1	0	45	45	2147496960	正常
20111226	4209	空头	20111227	4224	1	0	-75	-75	2147496960	正常
20111227	4224	多头	20111228	4216	1	0	-40	-40	2147496960	正常
20111228	4216	空头	20111229	4151	1	0	325	325	2147497216	正常
20111229	4151	多头	20111230	4171	1	0	100	100	2147497216	正常
20111230	4171	空头	20120104	4154	1	0	85	85	2147497216	正常
20120104	4154	多头	20120105	4148	1	0	-30	-30	2147497216	正常
20120105	4148	空头	20120106	4167	1	0	-95	-95	2147497216	正常
20120106	4167	多头	20120109	4165	1	0	-10	-10	2147497216	正常
20120109	4165	空头	20120110	4161	1	0	20	20	2147497216	正常
20120110	4161	多头	20120111	4193	1	0	160	160	2147497472	正常
20120111	4193	空头	20120112	4195	1	0	-10	-10	2147497472	正常
20120112	4195	多头	20120113	4200	1	0	25	25	2147497472	正常
20120113	4200	空头	20120116	4173	1	0	135	135	2147497728	正常
20120116	4173	多头	20120117	4227	1	0	270	270	2147497984	正常
20120117	4227	空头	20120118	4276	1	0	-245	-245	2147497728	正常
20120118	4276	多头	20120119	4294	1	0	90	90	2147497728	正常
20120119	4294	空头	20120120	4307	1	0	-65	-65	2147497728	正常
20120120	4307	多头	20120130	4324	1	0	85	85	2147497728	正常
20120130	4324	空头	20120131	4301	1	0	115	115	2147497728	正常
20120131	4301	多头	20120201	4307	1	0	30	30	2147497728	正常
20120201	4307	空头	20120202	4301	1	0	30	30	2147497728	正常
20120202	4301	多头	20120203	4316	1	0	75	75	2147497728	正常
20120203	4316	空头	20120206	4340	1	0	-120	-120	2147497728	正常
20120206	4340	多头	20120207	4280	1	0	-300	-300	2147497472	正常
20120207	4280	空头	20120208	4307	1	0	-135	-135	2147497216	正常
20120208	4307	多头	20120209	4311	1	0	20	20	2147497216	正常
20120209	4311	空头	20120210	4300	1	0	55	55	2147497216	正常
20120210	4300	多头	20120213	4261	1	0	-195	-195	2147496960	正常
20120213	4261	空头	20120214	4270	1	0	-45	-45	2147496960	正常
20120214	4270	多头	20120215	4226	1	0	-220	-220	2147496704	正常
20120215	4226	空头	20120216	4170	1	0	280	280	2147496960	正常
20120216	4170	多头	20120217	4161	1	0	-45	-45	2147496960	正常
20120217	4161	空头	20120220	4186	1	0	-125	-125	2147496960	正常
20120220	4186	多头	20120221	4204	1	0	90	90	2147496960	正常
20120221	4204	空头	20120222	4240	1	0	-180	-180	2147496704	正常
20120222	4240	多头	20120223	4225	1	0	-75	-75	2147496704	正常
20120223	4225	空头	20120224	4206	1	0	95	95	2147496704	正常
20120224	4206	多头	20120227	4252	1	0	230	230	2147496960	正常
20120227	4252	空头	20120228	4296	1	0	-220	-220	2147496704	正常
20120228	4296	多头	20120229	4292	1	0	-20	-20	2147496704	正常
20120229	4292	空头	20120301	4280	1	0	60	60	2147496704	正常
20120301	4280	多头	20120302	4295	1	0	75	75	2147496704	正常
20120302	4295	空头	20120305	4263	1	0	160	160	2147496960	正常
20120305	4263	多头	20120306	4268	1	0	25	25	2147496960	正常
20120306	4268	空头	20120307	4241	1	0	135	135	2147497216	正常
20120307	4241	多头	20120308	4274	1	0	165	165	2147497472	正常
20120308	4274	空头	20120309	4302	1	0	-140	-140	2147497216	正常
20120309	4302	多头	20120312	4320	1	0	90	90	2147497216	正常
20120312	4320	空头	20120313	4327	1	0	-35	-35	2147497216	正常
20120313	4327	多头	20120314	4308	1	0	-95	-95	2147497216	正常
20120314	4308	空头	20120315	4310	1	0	-10	-10	2147497216	正常
20120315	4310	多头	20120316	4317	1	0	35	35	2147497216	正常
20120316	4317	空头	20120319	4310	1	0	35	35	2147497216	正常
20120319	4310	多头	20120320	4314	1	0	20	20	2147497216	正常
20120320	4314	空头	20120321	4311	1	0	15	15	2147497216	正常
20120321	4311	多头	20120322	4335	1	0	120	120	2147497216	正常
20120322	4335	空头	20120323	4321	1	0	70	70	2147497216	正常
20120323	4321	多头	20120326	4326	1	0	25	25	2147497216	正常
20120326	4326	空头	20120327	4345	1	0	-95	-95	2147497216	正常
20120327	4345	多头	20120328	4337	1	0	-40	-40	2147497216	正常
20120328	4337	空头	20120329	4300	1	0	185	185	2147497472	正常
20120329	4300	多头	20120330	4306	1	0	30	30	2147497472	正常
20120330	4306	空头	20120405	4284	1	0	110	110	2147497472	正常
20120405	4284	多头	20120406	4341	1	0	285	285	2147497728	正常
20120406	4341	空头	20120409	4341	1	0	0	0	2147497728	正常
20120409	4341	多头	20120410	4355	1	0	70	70	2147497728	正常
20120410	4355	空头	20120411	4340	1	0	75	75	2147497728	正常
20120411	4340	多头	20120412	4353	1	0	65	65	2147497728	正常
20120412	4353	空头	20120413	4355	1	0	-10	-10	2147497728	正常
20120413	4355	多头	20120416	4300	1	0	-275	-275	2147497472	正常
20120416	4300	空头	20120417	4305	1	0	-25	-25	2147497472	正常
20120417	4305	多头	20120418	4311	1	0	30	30	2147497472	正常
20120418	4311	空头	20120419	4302	1	0	45	45	2147497472	正常
20120419	4302	多头	20120420	4295	1	0	-35	-35	2147497472	正常
20120420	4295	空头	20120423	4281	1	0	70	70	2147497472	正常
20120423	4281	多头	20120424	4228	1	0	-265	-265	2147497216	正常
20120424	4228	空头	20120425	4256	1	0	-140	-140	2147496960	正常
20120425	4256	多头	20120426	4279	1	0	115	115	2147496960	正常
20120426	4279	空头	20120427	4275	1	0	20	20	2147496960	正常
20120427	4275	多头	20120502	4255	1	0	-100	-100	2147496960	正常
20120502	4255	空头	20120503	4250	1	0	25	25	2147496960	正常
20120503	4250	多头	20120504	4246	1	0	-20	-20	2147496960	正常
20120504	4246	空头	20120507	4238	1	0	40	40	2147496960	正常
20120507	4238	多头	20120508	4236	1	0	-10	-10	2147496960	正常
20120508	4236	空头	20120509	4203	1	0	165	165	2147497216	正常
20120509	4203	多头	20120510	4215	1	0	60	60	2147497216	正常
20120510	4215	空头	20120511	4184	1	0	155	155	2147497472	正常
20120511	4184	多头	20120514	4176	1	0	-40	-40	2147497472	正常
20120514	4176	空头	20120515	4117	1	0	295	295	2147497728	正常
20120515	4117	多头	20120516	4091	1	0	-130	-130	2147497472	正常
20120516	4091	空头	20120517	4093	1	0	-10	-10	2147497472	正常
20120517	4093	多头	20120518	4062	1	0	-155	-155	2147497216	正常
20120518	4062	空头	20120521	4120	1	0	-290	-290	2147496960	正常
20120521	4120	多头	20120522	4085	1	0	-175	-175	2147496704	正常
20120522	4085	空头	20120523	4048	1	0	185	185	2147496960	正常
20120523	4048	多头	20120524	4050	1	0	10	10	2147496960	正常
20120524	4050	空头	20120525	4061	1	0	-55	-55	2147496960	正常
20120525	4061	多头	20120528	4080	1	0	95	95	2147496960	正常
20120528	4080	空头	20120529	4093	1	0	-65	-65	2147496960	正常
20120529	4093	多头	20120530	4104	1	0	55	55	2147496960	正常
20120530	4104	空头	20120531	4080	1	0	120	120	2147496960	正常
20120531	4080	多头	20120601	4105	1	0	125	125	2147496960	正常
20120601	4105	空头	20120604	4075	1	0	150	150	2147497216	正常
20120604	4075	多头	20120605	4086	1	0	55	55	2147497216	正常
20120605	4086	空头	20120606	4124	1	0	-190	-190	2147496960	正常
20120606	4124	多头	20120607	4116	1	0	-40	-40	2147496960	正常
20120607	4116	空头	20120608	4123	1	0	-35	-35	2147496960	正常
20120608	4123	多头	20120611	4132	1	0	45	45	2147496960	正常
20120611	4132	空头	20120612	4104	1	0	140	140	2147497216	正常
20120612	4104	多头	20120613	4118	1	0	70	70	2147497216	正常
20120613	4118	空头	20120614	4128	1	0	-50	-50	2147497216	正常
20120614	4128	多头	20120615	4138	1	0	50	50	2147497216	正常
20120615	4138	空头	20120618	4142	1	0	-20	-20	2147497216	正常
20120618	4142	多头	20120619	4145	1	0	15	15	2147497216	正常
20120619	4145	空头	20120620	4159	1	0	-70	-70	2147497216	正常
20120620	4159	多头	20120621	4139	1	0	-100	-100	2147497216	正常
20120621	4139	空头	20120625	4114	1	0	125	125	2147497216	正常
20120625	4114	多头	20120626	4113	1	0	-5	-5	2147497216	正常
20120626	4113	空头	20120627	4109	1	0	20	20	2147497216	正常
20120627	4109	多头	20120628	4113	1	0	20	20	2147497216	正常
20120628	4113	空头	20120629	4104	1	0	45	45	2147497216	正常
20120629	4104	多头	20120702	4075	1	0	-145	-145	2147496960	正常
20120702	4075	空头	20120703	4070	1	0	25	25	2147496960	正常
20120703	4070	多头	20120704	4101	1	0	155	155	2147497216	正常
20120704	4101	空头	20120705	4112	1	0	-55	-55	2147497216	正常
20120705	4112	多头	20120706	4111	1	0	-5	-5	2147497216	正常
20120706	4111	空头	20120709	4071	1	0	200	200	2147497472	正常
20120709	4071	多头	20120710	4035	1	0	-180	-180	2147497216	正常
20120710	4035	空头	20120711	3990	1	0	225	225	2147497472	正常
20120711	3990	多头	20120712	4008	1	0	90	90	2147497472	正常
20120712	4008	空头	20120713	3999	1	0	45	45	2147497472	正常
20120713	3999	多头	20120716	3939	1	0	-300	-300	2147497216	正常
20120716	3939	空头	20120717	3903	1	0	180	180	2147497472	正常
20120717	3903	多头	20120718	3905	1	0	10	10	2147497472	正常
20120718	3905	空头	20120719	3883	1	0	110	110	2147497472	正常
20120719	3883	多头	20120720	3834	1	0	-245	-245	2147497216	正常
20120720	3834	空头	20120723	3768	1	0	330	330	2147497472	正常
20120723	3768	多头	20120724	3811	1	0	215	215	2147497728	正常
20120724	3811	空头	20120725	3803	1	0	40	40	2147497728	正常
20120725	3803	多头	20120726	3827	1	0	120	120	2147497728	正常
20120726	3827	空头	20120727	3818	1	0	45	45	2147497728	正常
20120727	3818	多头	20120730	3828	1	0	50	50	2147497728	正常
20120730	3828	空头	20120731	3790	1	0	190	190	2147497984	正常
20120731	3790	多头	20120801	3741	1	0	-245	-245	2147497728	正常
20120801	3741	空头	20120802	3711	1	0	150	150	2147497984	正常
20120802	3711	多头	20120803	3681	1	0	-150	-150	2147497728	正常
20120803	3681	空头	20120806	3663	1	0	90	90	2147497728	正常
20120806	3663	多头	20120807	3656	1	0	-35	-35	2147497728	正常
20120807	3656	空头	20120808	3645	1	0	55	55	2147497728	正常
20120808	3645	多头	20120809	3640	1	0	-25	-25	2147497728	正常
20120809	3640	空头	20120810	3655	1	0	-75	-75	2147497728	正常
20120810	3655	多头	20120813	3651	1	0	-20	-20	2147497728	正常
20120813	3651	空头	20120814	3648	1	0	15	15	2147497728	正常
20120814	3648	多头	20120815	3646	1	0	-10	-10	2147497728	正常
20120815	3646	空头	20120816	3639	1	0	35	35	2147497728	正常
20120816	3639	多头	20120817	3626	1	0	-65	-65	2147497728	正常
20120817	3626	空头	20120821	3543	1	0	415	415	2147498240	正常
20120821	3543	多头	20120822	3553	1	0	50	50	2147498240	正常
20120822	3553	空头	20120824	3579	1	0	-130	-130	2147497984	正常
20120824	3579	多头	20120827	3560	1	0	-95	-95	2147497984	正常
20120827	3560	空头	20120828	3459	1	0	505	505	2147498496	正常
20120828	3459	多头	20120829	3460	1	0	5	5	2147498496	正常
20120829	3460	空头	20120830	3459	1	0	5	5	2147498496	正常
20120830	3459	多头	20120831	3360	1	0	-495	-495	2147497984	正常
20120831	3360	空头	20120904	3401	1	0	-205	-205	2147497728	正常
20120904	3401	多头	20120905	3351	1	0	-250	-250	2147497472	正常
20120905	3351	空头	20120906	3400	1	0	-245	-245	2147497216	正常
20120906	3400	多头	20120918	3738	1	0	1690	1690	2147499008	正常
20120918	3738	空头	20120919	3761	1	0	-115	-115	2147499008	正常
20120919	3761	多头	20120920	3660	1	0	-505	-505	2147498496	正常
20120920	3660	空头	20120921	3619	1	0	205	205	2147498752	正常
20120921	3619	多头	20120924	3657	1	0	190	190	2147499008	正常
20120924	3657	空头	20120925	3678	1	0	-105	-105	2147499008	正常
20120925	3678	多头	20120926	3666	1	0	-60	-60	2147499008	正常
20120926	3666	空头	20120927	3645	1	0	105	105	2147499008	正常
20120927	3645	多头	20120928	3692	1	0	235	235	2147499264	正常
20120928	3692	空头	20121008	3736	1	0	-220	-220	2147499008	正常
20121008	3736	多头	20121009	3753	1	0	85	85	2147499008	正常
20121009	3753	空头	20121010	3751	1	0	10	10	2147499008	正常
20121010	3751	多头	20121011	3741	1	0	-50	-50	2147499008	正常
20121011	3741	空头	20121012	3733	1	0	40	40	2147499008	正常
20121012	3733	多头	20121015	3641	1	0	-460	-460	2147498496	正常
20121015	3641	空头	20121016	3601	1	0	200	200	2147498752	正常
20121016	3601	多头	20121017	3628	1	0	135	135	2147499008	正常
20121017	3628	空头	20121018	3686	1	0	-290	-290	2147498752	正常
20121018	3686	多头	20121019	3691	1	0	25	25	2147498752	正常
20121019	3691	空头	20121022	3687	1	0	20	20	2147498752	正常
20121022	3687	多头	20121023	3712	1	0	125	125	2147498752	正常
20121023	3712	空头	20121024	3700	1	0	60	60	2147498752	正常
20121024	3700	多头	20121025	3709	1	0	45	45	2147498752	正常
20121025	3709	空头	20121026	3706	1	0	15	15	2147498752	正常
20121026	3706	多头	20121029	3680	1	0	-130	-130	2147498496	正常
20121029	3680	空头	20121030	3670	1	0	50	50	2147498496	正常
20121030	3670	多头	20121031	3650	1	0	-100	-100	2147498496	正常
20121031	3650	空头	20121101	3669	1	0	-95	-95	2147498496	正常
20121101	3669	多头	20121102	3689	1	0	100	100	2147498496	正常
20121102	3689	空头	20121105	3676	1	0	65	65	2147498496	正常
20121105	3676	多头	20121106	3674	1	0	-10	-10	2147498496	正常
20121106	3674	空头	20121107	3679	1	0	-25	-25	2147498496	正常
20121107	3679	多头	20121108	3660	1	0	-95	-95	2147498496	正常
20121108	3660	空头	20121109	3681	1	0	-105	-105	2147498496	正常
20121109	3681	多头	20121112	3673	1	0	-40	-40	2147498496	正常
20121112	3673	空头	20121113	3691	1	0	-90	-90	2147498496	正常
20121113	3691	多头	20121114	3679	1	0	-60	-60	2147498496	正常
20121114	3679	空头	20121115	3686	1	0	-35	-35	2147498496	正常
20121115	3686	多头	20121116	3684	1	0	-10	-10	2147498496	正常
20121116	3684	空头	20121119	3600	1	0	420	420	2147499008	正常
20121119	3600	多头	20121120	3600	1	0	0	0	2147499008	正常
20121120	3600	空头	20121121	3616	1	0	-80	-80	2147499008	正常
20121121	3616	多头	20121122	3600	1	0	-80	-80	2147499008	正常
20121122	3600	空头	20121123	3611	1	0	-55	-55	2147499008	正常
20121123	3611	多头	20121126	3606	1	0	-25	-25	2147499008	正常
20121126	3606	空头	20121127	3582	1	0	120	120	2147499008	正常
20121127	3582	多头	20121128	3578	1	0	-20	-20	2147499008	正常
20121128	3578	空头	20121129	3523	1	0	275	275	2147499264	正常
20121129	3523	多头	20121130	3520	1	0	-15	-15	2147499264	正常
20121130	3520	空头	20121203	3539	1	0	-95	-95	2147499264	正常
20121203	3539	多头	20121204	3591	1	0	260	260	2147499520	正常
20121204	3591	空头	20121205	3599	1	0	-40	-40	2147499520	正常
20121205	3599	多头	20121206	3636	1	0	185	185	2147499776	正常
20121206	3636	空头	20121207	3648	1	0	-60	-60	2147499776	正常
20121207	3648	多头	20121210	3698	1	0	250	250	2147500032	正常
20121210	3698	空头	20121211	3707	1	0	-45	-45	2147500032	正常
20121211	3707	多头	20121212	3660	1	0	-235	-235	2147499776	正常
20121212	3660	空头	20121213	3712	1	0	-260	-260	2147499520	正常
20121213	3712	多头	20121214	3723	1	0	55	55	2147499520	正常
20121214	3723	空头	20121217	3802	1	0	-395	-395	2147499008	正常
20121217	3802	多头	20121218	3806	1	0	20	20	2147499008	正常
20121218	3806	空头	20121219	3804	1	0	10	10	2147499008	正常
20121219	3804	多头	20121220	3705	1	0	-495	-495	2147498496	正常
20121220	3705	空头	20121221	3783	1	0	-390	-390	2147497984	正常
20121221	3783	多头	20121224	3788	1	0	25	25	2147497984	正常
20121224	3788	空头	20121225	3804	1	0	-80	-80	2147497984	正常
20121225	3804	多头	20121226	3881	1	0	385	385	2147498496	正常
20121226	3881	空头	20121227	3882	1	0	-5	-5	2147498496	正常
20121227	3882	多头	20121228	3888	1	0	30	30	2147498496	正常
20121228	3888	空头	20121231	3931	1	0	-215	-215	2147498240	正常
20121231	3931	多头	20130104	3979	1	0	240	240	2147498496	正常
20130104	3979	空头	20130107	4009	1	0	-150	-150	2147498240	正常
20130107	4009	多头	20130108	3987	1	0	-110	-110	2147498240	正常
20130108	3987	空头	20130109	3997	1	0	-50	-50	2147498240	正常
20130109	3997	多头	20130110	4010	1	0	65	65	2147498240	正常
20130110	4010	空头	20130111	3920	1	0	450	450	2147498752	正常
20130111	3920	多头	20130114	3900	1	0	-100	-100	2147498752	正常
20130114	3900	空头	20130115	3970	1	0	-350	-350	2147498496	正常
20130115	3970	多头	20130116	3912	1	0	-290	-290	2147498240	正常
20130116	3912	空头	20130117	3916	1	0	-20	-20	2147498240	正常
20130117	3916	多头	20130118	3966	1	0	250	250	2147498496	正常
20130118	3966	空头	20130121	3976	1	0	-50	-50	2147498496	正常
20130121	3976	多头	20130122	3966	1	0	-50	-50	2147498496	正常
20130122	3966	空头	20130123	3992	1	0	-130	-130	2147498240	正常
20130123	3992	多头	20130124	4017	1	0	125	125	2147498240	正常
20130124	4017	空头	20130125	4045	1	0	-140	-140	2147497984	正常
20130125	4045	多头	20130128	4069	1	0	120	120	2147497984	正常
20130128	4069	空头	20130129	4069	1	0	0	0	2147497984	正常
20130129	4069	多头	20130130	4104	1	0	175	175	2147498240	正常
20130130	4104	空头	20130131	4119	1	0	-75	-75	2147498240	正常
20130131	4119	多头	20130201	4120	1	0	5	5	2147498240	正常
20130201	4120	空头	20130204	4184	1	0	-320	-320	2147497984	正常
20130204	4184	多头	20130205	4182	1	0	-10	-10	2147497984	正常
20130205	4182	空头	20130206	4180	1	0	10	10	2147497984	正常
20130206	4180	多头	20130207	4170	1	0	-50	-50	2147497984	正常
20130207	4170	空头	20130208	4201	1	0	-155	-155	2147497728	正常
20130208	4201	多头	20130218	4022	1	0	-895	-895	2147496960	正常
20130218	4022	空头	20130219	4131	1	0	-545	-545	2147496448	正常
20130219	4131	多头	20130220	4118	1	0	-65	-65	2147496448	正常
20130220	4118	空头	20130221	4025	1	0	465	465	2147496960	正常
20130221	4025	多头	20130222	4008	1	0	-85	-85	2147496960	正常
20130222	4008	空头	20130225	3976	1	0	160	160	2147497216	正常
20130225	3976	多头	20130226	3930	1	0	-230	-230	2147496960	正常
20130226	3930	空头	20130227	3922	1	0	40	40	2147496960	正常
20130227	3922	多头	20130228	3976	1	0	270	270	2147497216	正常
20130228	3976	空头	20130301	3947	1	0	145	145	2147497472	正常
20130301	3947	多头	20130304	3865	1	0	-410	-410	2147496960	正常
20130304	3865	空头	20130305	3876	1	0	-55	-55	2147496960	正常
20130305	3876	多头	20130306	3909	1	0	165	165	2147497216	正常
20130306	3909	空头	20130307	3912	1	0	-15	-15	2147497216	正常
20130307	3912	多头	20130308	3864	1	0	-240	-240	2147496960	正常
20130308	3864	空头	20130311	3880	1	0	-80	-80	2147496960	正常
20130311	3880	多头	20130312	3881	1	0	5	5	2147496960	正常
20130312	3881	空头	20130313	3837	1	0	220	220	2147497216	正常
20130313	3837	多头	20130314	3750	1	0	-435	-435	2147496704	正常
20130314	3750	空头	20130315	3785	1	0	-175	-175	2147496448	正常
20130315	3785	多头	20130318	3802	1	0	85	85	2147496448	正常
20130318	3802	空头	20130319	3811	1	0	-45	-45	2147496448	正常
20130319	3811	多头	20130320	3839	1	0	140	140	2147496704	正常
20130320	3839	空头	20130321	3891	1	0	-260	-260	2147496448	正常
20130321	3891	多头	20130322	3887	1	0	-20	-20	2147496448	正常
20130322	3887	空头	20130325	3882	1	0	25	25	2147496448	正常
20130325	3882	多头	20130326	3881	1	0	-5	-5	2147496448	正常
20130326	3881	空头	20130327	3884	1	0	-15	-15	2147496448	正常
20130327	3884	多头	20130328	3816	1	0	-340	-340	2147496192	正常
20130328	3816	空头	20130329	3730	1	0	430	430	2147496704	正常
20130329	3730	多头	20130401	3717	1	0	-65	-65	2147496704	正常
20130401	3717	空头	20130402	3702	1	0	75	75	2147496704	正常
20130402	3702	多头	20130403	3749	1	0	235	235	2147496960	正常
20130403	3749	空头	20130408	3763	1	0	-70	-70	2147496960	正常
20130408	3763	多头	20130409	3820	1	0	285	285	2147497216	正常
20130409	3820	空头	20130410	3817	1	0	15	15	2147497216	正常
20130410	3817	多头	20130411	3806	1	0	-55	-55	2147497216	正常
20130411	3806	空头	20130412	3805	1	0	5	5	2147497216	正常
20130412	3805	多头	20130415	3699	1	0	-530	-530	2147496704	正常
20130415	3699	空头	20130416	3650	1	0	245	245	2147496960	正常
20130416	3650	多头	20130417	3660	1	0	50	50	2147496960	正常
20130417	3660	空头	20130418	3582	1	0	390	390	2147497472	正常
20130418	3582	多头	20130419	3621	1	0	195	195	2147497728	正常
20130419	3621	空头	20130422	3623	1	0	-10	-10	2147497728	正常
20130422	3623	多头	20130423	3564	1	0	-295	-295	2147497472	正常
20130423	3564	空头	20130424	3561	1	0	15	15	2147497472	正常
20130424	3561	多头	20130424	3561	1	0	0	0	2147497472	正常
