20090327	3550	多头	20090330	3550	1	0	0	0	2147483648	正常
20090330	3550	空头	20090331	3538	1	0	60	60	2147483648	正常
20090331	3538	多头	20090401	3560	1	0	110	110	2147483648	正常
20090401	3560	空头	20090402	3545	1	0	75	75	2147483648	正常
20090402	3545	多头	20090403	3481	1	0	-320	-320	2147483392	正常
20090403	3481	空头	20090407	3410	1	0	355	355	2147483648	正常
20090407	3410	多头	20090408	3480	1	0	350	350	2147483904	正常
20090408	3480	空头	20090409	3476	1	0	20	20	2147483904	正常
20090409	3476	多头	20090410	3483	1	0	35	35	2147483904	正常
20090410	3483	空头	20090413	3485	1	0	-10	-10	2147483904	正常
20090413	3485	多头	20090414	3475	1	0	-50	-50	2147483904	正常
20090414	3475	空头	20090415	3570	1	0	-475	-475	2147483392	正常
20090415	3570	多头	20090416	3582	1	0	60	60	2147483392	正常
20090416	3582	空头	20090417	3594	1	0	-60	-60	2147483392	正常
20090417	3594	多头	20090420	3620	1	0	130	130	2147483520	正常
20090420	3620	空头	20090421	3580	1	0	200	200	2147483648	正常
20090421	3580	多头	20090422	3550	1	0	-150	-150	2147483520	正常
20090422	3550	空头	20090423	3529	1	0	105	105	2147483648	正常
20090423	3529	多头	20090424	3513	1	0	-80	-80	2147483520	正常
20090424	3513	空头	20090427	3510	1	0	15	15	2147483520	正常
20090427	3510	多头	20090428	3496	1	0	-70	-70	2147483392	正常
20090428	3496	空头	20090429	3507	1	0	-55	-55	2147483392	正常
20090429	3507	多头	20090430	3536	1	0	145	145	2147483520	正常
20090430	3536	空头	20090504	3573	1	0	-185	-185	2147483392	正常
20090504	3573	多头	20090505	3636	1	0	315	315	2147483648	正常
20090505	3636	空头	20090506	3578	1	0	290	290	2147483904	正常
20090506	3578	多头	20090507	3628	1	0	250	250	2147484160	正常
20090507	3628	空头	20090508	3599	1	0	145	145	2147484416	正常
20090508	3599	多头	20090511	3615	1	0	80	80	2147484416	正常
20090511	3615	空头	20090512	3645	1	0	-150	-150	2147484160	正常
20090512	3645	多头	20090513	3655	1	0	50	50	2147484160	正常
20090513	3655	空头	20090514	3616	1	0	195	195	2147484416	正常
20090514	3616	多头	20090515	3600	1	0	-80	-80	2147484416	正常
20090515	3600	空头	20090518	3595	1	0	25	25	2147484416	正常
20090518	3595	多头	20090519	3630	1	0	175	175	2147484672	正常
20090519	3630	空头	20090520	3616	1	0	70	70	2147484672	正常
20090520	3616	多头	20090521	3620	1	0	20	20	2147484672	正常
20090521	3620	空头	20090522	3619	1	0	5	5	2147484672	正常
20090522	3619	多头	20090525	3629	1	0	50	50	2147484672	正常
20090525	3629	空头	20090526	3609	1	0	100	100	2147484672	正常
20090526	3609	多头	20090527	3628	1	0	95	95	2147484672	正常
20090527	3628	空头	20090601	3630	1	0	-10	-10	2147484672	正常
20090601	3630	多头	20090602	3660	1	0	150	150	2147484928	正常
20090602	3660	空头	20090603	3659	1	0	5	5	2147484928	正常
20090603	3659	多头	20090604	3650	1	0	-45	-45	2147484928	正常
20090604	3650	空头	20090605	3721	1	0	-355	-355	2147484672	正常
20090605	3721	多头	20090608	3755	1	0	170	170	2147484928	正常
20090608	3755	空头	20090609	3797	1	0	-210	-210	2147484672	正常
20090609	3797	多头	20090610	3792	1	0	-25	-25	2147484672	正常
20090610	3792	空头	20090611	3810	1	0	-90	-90	2147484672	正常
20090611	3810	多头	20090612	3888	1	0	390	390	2147485184	正常
20090612	3888	空头	20090615	3855	1	0	165	165	2147485440	正常
20090615	3855	多头	20090616	3829	1	0	-130	-130	2147485184	正常
20090616	3829	空头	20090617	3861	1	0	-160	-160	2147484928	正常
20090617	3861	多头	20090618	3852	1	0	-45	-45	2147484928	正常
20090618	3852	空头	20090619	3852	1	0	0	0	2147484928	正常
20090619	3852	多头	20090622	3908	1	0	280	280	2147485184	正常
20090622	3908	空头	20090623	3898	1	0	50	50	2147485184	正常
20090623	3898	多头	20090624	3888	1	0	-50	-50	2147485184	正常
20090624	3888	空头	20090625	3862	1	0	130	130	2147485440	正常
20090625	3862	多头	20090626	3870	1	0	40	40	2147485440	正常
20090626	3870	空头	20090629	3846	1	0	120	120	2147485440	正常
20090629	3846	多头	20090630	3832	1	0	-70	-70	2147485440	正常
20090630	3832	空头	20090701	3826	1	0	30	30	2147485440	正常
20090701	3826	多头	20090702	3856	1	0	150	150	2147485696	正常
20090702	3856	空头	20090703	3867	1	0	-55	-55	2147485696	正常
20090703	3867	多头	20090706	3858	1	0	-45	-45	2147485696	正常
20090706	3858	空头	20090707	3876	1	0	-90	-90	2147485696	正常
20090707	3876	多头	20090708	3861	1	0	-75	-75	2147485696	正常
20090708	3861	空头	20090709	3841	1	0	100	100	2147485696	正常
20090709	3841	多头	20090710	3874	1	0	165	165	2147485952	正常
20090710	3874	空头	20090713	3891	1	0	-85	-85	2147485952	正常
20090713	3891	多头	20090714	3902	1	0	55	55	2147485952	正常
20090714	3902	空头	20090715	3907	1	0	-25	-25	2147485952	正常
20090715	3907	多头	20090716	3989	1	0	410	410	2147486464	正常
20090716	3989	空头	20090717	4001	1	0	-60	-60	2147486464	正常
20090717	4001	多头	20090720	3981	1	0	-100	-100	2147486464	正常
20090720	3981	空头	20090721	4004	1	0	-115	-115	2147486464	正常
20090721	4004	多头	20090722	4040	1	0	180	180	2147486720	正常
20090722	4040	空头	20090723	4055	1	0	-75	-75	2147486720	正常
20090723	4055	多头	20090724	4098	1	0	215	215	2147486976	正常
20090724	4098	空头	20090727	4186	1	0	-440	-440	2147486464	正常
20090727	4186	多头	20090728	4280	1	0	470	470	2147486976	正常
20090728	4280	空头	20090729	4310	1	0	-150	-150	2147486720	正常
20090729	4310	多头	20090730	4340	1	0	150	150	2147486976	正常
20090730	4340	空头	20090731	4438	1	0	-490	-490	2147486464	正常
20090731	4438	多头	20090803	4804	1	0	1830	1830	2147488256	正常
20090803	4804	空头	20090804	4832	1	0	-140	-140	2147488000	正常
20090804	4832	多头	20090805	4823	1	0	-45	-45	2147488000	正常
20090805	4823	空头	20090806	4852	1	0	-145	-145	2147487744	正常
20090806	4852	多头	20090807	4975	1	0	615	615	2147488256	正常
20090807	4975	空头	20090810	4854	1	0	605	605	2147488768	正常
20090810	4854	多头	20090811	4823	1	0	-155	-155	2147488512	正常
20090811	4823	空头	20090812	4887	1	0	-320	-320	2147488256	正常
20090812	4887	多头	20090813	4780	1	0	-535	-535	2147487744	正常
20090813	4780	空头	20090814	4730	1	0	250	250	2147488000	正常
20090814	4730	多头	20090817	4610	1	0	-600	-600	2147487488	正常
20090817	4610	空头	20090818	4581	1	0	145	145	2147487744	正常
20090818	4581	多头	20090819	4560	1	0	-105	-105	2147487744	正常
20090819	4560	空头	20090820	4310	1	0	1250	1250	2147489024	正常
20090820	4310	多头	20090821	4460	1	0	750	750	2147489792	正常
20090821	4460	空头	20090824	4567	1	0	-535	-535	2147489280	正常
20090824	4567	多头	20090825	4518	1	0	-245	-245	2147489024	正常
20090825	4518	空头	20090826	4380	1	0	690	690	2147489792	正常
20090826	4380	多头	20090827	4409	1	0	145	145	2147490048	正常
20090827	4409	空头	20090828	4372	1	0	185	185	2147490304	正常
20090828	4372	多头	20090831	4173	1	0	-995	-995	2147489280	正常
20090831	4173	空头	20090901	4107	1	0	330	330	2147489536	正常
20090901	4107	多头	20090902	3938	1	0	-845	-845	2147488768	正常
20090902	3938	空头	20090903	3918	1	0	100	100	2147488768	正常
20090903	3918	多头	20090904	3892	1	0	-130	-130	2147488512	正常
20090904	3892	空头	20090907	3860	1	0	160	160	2147488768	正常
20090907	3860	多头	20090908	3750	1	0	-550	-550	2147488256	正常
20090908	3750	空头	20090909	3738	1	0	60	60	2147488256	正常
20090909	3738	多头	20090910	3740	1	0	10	10	2147488256	正常
20090910	3740	空头	20090911	3738	1	0	10	10	2147488256	正常
20090911	3738	多头	20090914	3650	1	0	-440	-440	2147487744	正常
20090914	3650	空头	20090915	3650	1	0	0	0	2147487744	正常
20090915	3650	多头	20090918	4302	1	0	3260	3260	2147491072	正常
20090918	4302	空头	20090921	4230	1	0	360	360	2147491328	正常
20090921	4230	多头	20090922	4337	1	0	535	535	2147491840	正常
20090922	4337	空头	20090923	4320	1	0	85	85	2147491840	正常
20090923	4320	多头	20090924	4238	1	0	-410	-410	2147491328	正常
20090924	4238	空头	20090925	4145	1	0	465	465	2147491840	正常
20090925	4145	多头	20090928	4110	1	0	-175	-175	2147491584	正常
20090928	4110	空头	20090929	3960	1	0	750	750	2147492352	正常
20090929	3960	多头	20090930	4090	1	0	650	650	2147493120	正常
20090930	4090	空头	20091009	4070	1	0	100	100	2147493120	正常
20091009	4070	多头	20091012	4020	1	0	-250	-250	2147492864	正常
20091012	4020	空头	20091013	4001	1	0	95	95	2147492864	正常
20091013	4001	多头	20091014	4002	1	0	5	5	2147492864	正常
20091014	4002	空头	20091015	4020	1	0	-90	-90	2147492864	正常
20091015	4020	多头	20091016	4052	1	0	160	160	2147493120	正常
20091016	4052	空头	20091019	4065	1	0	-65	-65	2147493120	正常
20091019	4065	多头	20091020	4130	1	0	325	325	2147493376	正常
20091020	4130	空头	20091021	4143	1	0	-65	-65	2147493376	正常
20091021	4143	多头	20091022	4180	1	0	185	185	2147493632	正常
20091022	4180	空头	20091023	4164	1	0	80	80	2147493632	正常
20091023	4164	多头	20091026	4198	1	0	170	170	2147493888	正常
20091026	4198	空头	20091027	4253	1	0	-275	-275	2147493632	正常
20091027	4253	多头	20091028	4265	1	0	60	60	2147493632	正常
20091028	4265	空头	20091029	4180	1	0	425	425	2147494144	正常
20091029	4180	多头	20091030	4295	1	0	575	575	2147494656	正常
20091030	4295	空头	20091102	4200	1	0	475	475	2147495168	正常
20091102	4200	多头	20091103	4241	1	0	205	205	2147495424	正常
20091103	4241	空头	20091104	4247	1	0	-30	-30	2147495424	正常
20091104	4247	多头	20091105	4298	1	0	255	255	2147495680	正常
20091105	4298	空头	20091106	4340	1	0	-210	-210	2147495424	正常
20091106	4340	多头	20091109	4406	1	0	330	330	2147495680	正常
20091109	4406	空头	20091110	4529	1	0	-615	-615	2147495168	正常
20091110	4529	多头	20091111	4480	1	0	-245	-245	2147494912	正常
20091111	4480	空头	20091112	4529	1	0	-245	-245	2147494656	正常
20091112	4529	多头	20091113	4485	1	0	-220	-220	2147494400	正常
20091113	4485	空头	20091116	4579	1	0	-470	-470	2147493888	正常
20091116	4579	多头	20091117	4599	1	0	100	100	2147493888	正常
20091117	4599	空头	20091118	4572	1	0	135	135	2147494144	正常
20091118	4572	多头	20091119	4615	1	0	215	215	2147494400	正常
20091119	4615	空头	20091120	4658	1	0	-215	-215	2147494144	正常
20091120	4658	多头	20091123	4666	1	0	40	40	2147494144	正常
20091123	4666	空头	20091124	4696	1	0	-150	-150	2147493888	正常
20091124	4696	多头	20091125	4665	1	0	-155	-155	2147493632	正常
20091125	4665	空头	20091126	4722	1	0	-285	-285	2147493376	正常
20091126	4722	多头	20091127	4672	1	0	-250	-250	2147493120	正常
20091127	4672	空头	20091130	4551	1	0	605	605	2147493632	正常
20091130	4551	多头	20091201	4637	1	0	430	430	2147494144	正常
20091201	4637	空头	20091202	4591	1	0	230	230	2147494400	正常
20091202	4591	多头	20091203	4645	1	0	270	270	2147494656	正常
20091203	4645	空头	20091204	4650	1	0	-25	-25	2147494656	正常
20091204	4650	多头	20091207	4635	1	0	-75	-75	2147494656	正常
20091207	4635	空头	20091208	4666	1	0	-155	-155	2147494400	正常
20091208	4666	多头	20091209	4580	1	0	-430	-430	2147493888	正常
20091209	4580	空头	20091210	4556	1	0	120	120	2147493888	正常
20091210	4556	多头	20091211	4654	1	0	490	490	2147494400	正常
20091211	4654	空头	20091214	4688	1	0	-170	-170	2147494144	正常
20091214	4688	多头	20091215	4449	1	0	-1195	-1195	2147492864	正常
20091215	4449	空头	20091216	4635	1	0	-930	-930	2147491840	正常
20091216	4635	多头	20091217	4670	1	0	175	175	2147492096	正常
20091217	4670	空头	20091218	4635	1	0	175	175	2147492352	正常
20091218	4635	多头	20091221	4612	1	0	-115	-115	2147492352	正常
20091221	4612	空头	20091222	4625	1	0	-65	-65	2147492352	正常
20091222	4625	多头	20091223	4611	1	0	-70	-70	2147492352	正常
20091223	4611	空头	20091224	4612	1	0	-5	-5	2147492352	正常
20091224	4612	多头	20091225	4621	1	0	45	45	2147492352	正常
20091225	4621	空头	20091228	4672	1	0	-255	-255	2147492096	正常
20091228	4672	多头	20091229	4610	1	0	-310	-310	2147491840	正常
20091229	4610	空头	20091230	4660	1	0	-250	-250	2147491584	正常
20091230	4660	多头	20091231	4610	1	0	-250	-250	2147491328	正常
20091231	4610	空头	20100104	4697	1	0	-435	-435	2147490816	正常
20100104	4697	多头	20100105	4719	1	0	110	110	2147490816	正常
20100105	4719	空头	20100106	4691	1	0	140	140	2147491072	正常
20100106	4691	多头	20100107	4750	1	0	295	295	2147491328	正常
20100107	4750	空头	20100108	4628	1	0	610	610	2147491840	正常
20100108	4628	多头	20100111	4670	1	0	210	210	2147492096	正常
20100111	4670	空头	20100112	4724	1	0	-270	-270	2147491840	正常
20100112	4724	多头	20100113	4650	1	0	-370	-370	2147491584	正常
20100113	4650	空头	20100114	4650	1	0	0	0	2147491584	正常
20100114	4650	多头	20100115	4645	1	0	-25	-25	2147491584	正常
20100115	4645	空头	20100118	4600	1	0	225	225	2147491840	正常
20100118	4600	多头	20100119	4623	1	0	115	115	2147491840	正常
20100119	4623	空头	20100120	4634	1	0	-55	-55	2147491840	正常
20100120	4634	多头	20100121	4596	1	0	-190	-190	2147491584	正常
20100121	4596	空头	20100122	4572	1	0	120	120	2147491584	正常
20100122	4572	多头	20100125	4536	1	0	-180	-180	2147491328	正常
20100125	4536	空头	20100126	4532	1	0	20	20	2147491328	正常
20100126	4532	多头	20100127	4511	1	0	-105	-105	2147491328	正常
20100127	4511	空头	20100128	4550	1	0	-195	-195	2147491072	正常
20100128	4550	多头	20100129	4525	1	0	-125	-125	2147491072	正常
20100129	4525	空头	20100201	4547	1	0	-110	-110	2147491072	正常
20100201	4547	多头	20100202	4520	1	0	-135	-135	2147490816	正常
20100202	4520	空头	20100203	4400	1	0	600	600	2147491328	正常
20100203	4400	多头	20100204	4356	1	0	-220	-220	2147491072	正常
20100204	4356	空头	20100205	4296	1	0	300	300	2147491328	正常
20100205	4296	多头	20100208	4340	1	0	220	220	2147491584	正常
20100208	4340	空头	20100209	4344	1	0	-20	-20	2147491584	正常
20100209	4344	多头	20100210	4382	1	0	190	190	2147491840	正常
20100210	4382	空头	20100211	4448	1	0	-330	-330	2147491584	正常
20100211	4448	多头	20100212	4443	1	0	-25	-25	2147491584	正常
20100212	4443	空头	20100222	4512	1	0	-345	-345	2147491328	正常
20100222	4512	多头	20100223	4453	1	0	-295	-295	2147491072	正常
20100223	4453	空头	20100224	4469	1	0	-80	-80	2147491072	正常
20100224	4469	多头	20100225	4512	1	0	215	215	2147491328	正常
20100225	4512	空头	20100226	4470	1	0	210	210	2147491584	正常
20100226	4470	多头	20100301	4496	1	0	130	130	2147491840	正常
20100301	4496	空头	20100302	4522	1	0	-130	-130	2147491584	正常
20100302	4522	多头	20100303	4489	1	0	-165	-165	2147491328	正常
20100303	4489	空头	20100304	4484	1	0	25	25	2147491328	正常
20100304	4484	多头	20100305	4448	1	0	-180	-180	2147491072	正常
20100305	4448	空头	20100308	4474	1	0	-130	-130	2147490816	正常
20100308	4474	多头	20100309	4507	1	0	165	165	2147491072	正常
20100309	4507	空头	20100310	4545	1	0	-190	-190	2147490816	正常
20100310	4545	多头	20100311	4542	1	0	-15	-15	2147490816	正常
20100311	4542	空头	20100312	4540	1	0	10	10	2147490816	正常
20100312	4540	多头	20100315	4560	1	0	100	100	2147490816	正常
20100315	4560	空头	20100316	4554	1	0	30	30	2147490816	正常
20100316	4554	多头	20100317	4672	1	0	590	590	2147491328	正常
20100317	4672	空头	20100318	4670	1	0	10	10	2147491328	正常
20100318	4670	多头	20100319	4655	1	0	-75	-75	2147491328	正常
20100319	4655	空头	20100322	4695	1	0	-200	-200	2147491072	正常
20100322	4695	多头	20100323	4687	1	0	-40	-40	2147491072	正常
20100323	4687	空头	20100324	4654	1	0	165	165	2147491328	正常
20100324	4654	多头	20100325	4699	1	0	225	225	2147491584	正常
20100325	4699	空头	20100326	4722	1	0	-115	-115	2147491584	正常
20100326	4722	多头	20100329	4728	1	0	30	30	2147491584	正常
20100329	4728	空头	20100330	4738	1	0	-50	-50	2147491584	正常
20100330	4738	多头	20100331	4700	1	0	-190	-190	2147491328	正常
20100331	4700	空头	20100401	4691	1	0	45	45	2147491328	正常
20100401	4691	多头	20100402	4679	1	0	-60	-60	2147491328	正常
20100402	4679	空头	20100406	4710	1	0	-155	-155	2147491072	正常
20100406	4710	多头	20100407	4740	1	0	150	150	2147491328	正常
20100407	4740	空头	20100408	4780	1	0	-200	-200	2147491072	正常
20100408	4780	多头	20100409	4718	1	0	-310	-310	2147490816	正常
20100409	4718	空头	20100412	4761	1	0	-215	-215	2147490560	正常
20100412	4761	多头	20100413	4771	1	0	50	50	2147490560	正常
20100413	4771	空头	20100414	4806	1	0	-175	-175	2147490304	正常
20100414	4806	多头	20100415	4772	1	0	-170	-170	2147490048	正常
20100415	4772	空头	20100416	4750	1	0	110	110	2147490048	正常
20100416	4750	多头	20100419	4726	1	0	-120	-120	2147490048	正常
20100419	4726	空头	20100420	4709	1	0	85	85	2147490048	正常
20100420	4709	多头	20100421	4713	1	0	20	20	2147490048	正常
20100421	4713	空头	20100422	4681	1	0	160	160	2147490304	正常
20100422	4681	多头	20100423	4666	1	0	-75	-75	2147490304	正常
20100423	4666	空头	20100426	4684	1	0	-90	-90	2147490304	正常
20100426	4684	多头	20100427	4641	1	0	-215	-215	2147490048	正常
20100427	4641	空头	20100428	4566	1	0	375	375	2147490304	正常
20100428	4566	多头	20100429	4535	1	0	-155	-155	2147490048	正常
20100429	4535	空头	20100430	4527	1	0	40	40	2147490048	正常
20100430	4527	多头	20100504	4530	1	0	15	15	2147490048	正常
20100504	4530	空头	20100505	4567	1	0	-185	-185	2147489792	正常
20100505	4567	多头	20100506	4552	1	0	-75	-75	2147489792	正常
20100506	4552	空头	20100507	4518	1	0	170	170	2147490048	正常
20100507	4518	多头	20100510	4462	1	0	-280	-280	2147489792	正常
20100510	4462	空头	20100511	4425	1	0	185	185	2147490048	正常
20100511	4425	多头	20100512	4361	1	0	-320	-320	2147489792	正常
20100512	4361	空头	20100513	4305	1	0	280	280	2147490048	正常
20100513	4305	多头	20100514	4300	1	0	-25	-25	2147490048	正常
20100514	4300	空头	20100517	4270	1	0	150	150	2147490304	正常
20100517	4270	多头	20100518	4090	1	0	-900	-900	2147489280	正常
20100518	4090	空头	20100519	4091	1	0	-5	-5	2147489280	正常
20100519	4091	多头	20100520	4135	1	0	220	220	2147489536	正常
20100520	4135	空头	20100521	4118	1	0	85	85	2147489536	正常
20100521	4118	多头	20100524	4141	1	0	115	115	2147489536	正常
20100524	4141	空头	20100525	4191	1	0	-250	-250	2147489280	正常
20100525	4191	多头	20100526	4173	1	0	-90	-90	2147489280	正常
20100526	4173	空头	20100527	4169	1	0	20	20	2147489280	正常
20100527	4169	多头	20100528	4199	1	0	150	150	2147489536	正常
20100528	4199	空头	20100531	4160	1	0	195	195	2147489792	正常
20100531	4160	多头	20100601	4120	1	0	-200	-200	2147489536	正常
20100601	4120	空头	20100602	4086	1	0	170	170	2147489792	正常
20100602	4086	多头	20100603	4138	1	0	260	260	2147490048	正常
20100603	4138	空头	20100604	4112	1	0	130	130	2147490304	正常
20100604	4112	多头	20100607	4055	1	0	-285	-285	2147490048	正常
20100607	4055	空头	20100608	3989	1	0	330	330	2147490304	正常
20100608	3989	多头	20100609	4029	1	0	200	200	2147490560	正常
20100609	4029	空头	20100610	4038	1	0	-45	-45	2147490560	正常
20100610	4038	多头	20100611	4041	1	0	15	15	2147490560	正常
20100611	4041	空头	20100617	4075	1	0	-170	-170	2147490304	正常
20100617	4075	多头	20100618	4042	1	0	-165	-165	2147490048	正常
20100618	4042	空头	20100621	4025	1	0	85	85	2147490048	正常
20100621	4025	多头	20100622	4068	1	0	215	215	2147490304	正常
20100622	4068	空头	20100623	4069	1	0	-5	-5	2147490304	正常
20100623	4069	多头	20100624	4025	1	0	-220	-220	2147490048	正常
20100624	4025	空头	20100625	4030	1	0	-25	-25	2147490048	正常
20100625	4030	多头	20100628	4036	1	0	30	30	2147490048	正常
20100628	4036	空头	20100629	3993	1	0	215	215	2147490304	正常
20100629	3993	多头	20100630	3931	1	0	-310	-310	2147490048	正常
20100630	3931	空头	20100701	3933	1	0	-10	-10	2147490048	正常
20100701	3933	多头	20100702	3911	1	0	-110	-110	2147490048	正常
20100702	3911	空头	20100705	3923	1	0	-60	-60	2147490048	正常
20100705	3923	多头	20100706	3905	1	0	-90	-90	2147490048	正常
20100706	3905	空头	20100707	3911	1	0	-30	-30	2147490048	正常
20100707	3911	多头	20100708	3923	1	0	60	60	2147490048	正常
20100708	3923	空头	20100709	3872	1	0	255	255	2147490304	正常
20100709	3872	多头	20100712	3883	1	0	55	55	2147490304	正常
20100712	3883	空头	20100713	3870	1	0	65	65	2147490304	正常
20100713	3870	多头	20100714	3856	1	0	-70	-70	2147490304	正常
20100714	3856	空头	20100715	3825	1	0	155	155	2147490560	正常
20100715	3825	多头	20100716	3829	1	0	20	20	2147490560	正常
20100716	3829	空头	20100719	3810	1	0	95	95	2147490560	正常
20100719	3810	多头	20100720	3898	1	0	440	440	2147491072	正常
20100720	3898	空头	20100721	3928	1	0	-150	-150	2147490816	正常
20100721	3928	多头	20100722	3950	1	0	110	110	2147490816	正常
20100722	3950	空头	20100723	3944	1	0	30	30	2147490816	正常
20100723	3944	多头	20100726	3987	1	0	215	215	2147491072	正常
20100726	3987	空头	20100727	3964	1	0	115	115	2147491072	正常
20100727	3964	多头	20100728	3928	1	0	-180	-180	2147490816	正常
20100728	3928	空头	20100729	3945	1	0	-85	-85	2147490816	正常
20100729	3945	多头	20100730	3948	1	0	15	15	2147490816	正常
20100730	3948	空头	20100802	4029	1	0	-405	-405	2147490304	正常
20100802	4029	多头	20100803	4054	1	0	125	125	2147490304	正常
20100803	4054	空头	20100804	4030	1	0	120	120	2147490304	正常
20100804	4030	多头	20100805	4041	1	0	55	55	2147490304	正常
20100805	4041	空头	20100806	4048	1	0	-35	-35	2147490304	正常
20100806	4048	多头	20100809	4070	1	0	110	110	2147490304	正常
20100809	4070	空头	20100810	4108	1	0	-190	-190	2147490048	正常
20100810	4108	多头	20100811	4139	1	0	155	155	2147490304	正常
20100811	4139	空头	20100812	4102	1	0	185	185	2147490560	正常
20100812	4102	多头	20100813	4095	1	0	-35	-35	2147490560	正常
20100813	4095	空头	20100816	4091	1	0	20	20	2147490560	正常
20100816	4091	多头	20100817	4130	1	0	195	195	2147490816	正常
20100817	4130	空头	20100818	4146	1	0	-80	-80	2147490816	正常
20100818	4146	多头	20100819	4159	1	0	65	65	2147490816	正常
20100819	4159	空头	20100820	4153	1	0	30	30	2147490816	正常
20100820	4153	多头	20100823	4124	1	0	-145	-145	2147490560	正常
20100823	4124	空头	20100824	4110	1	0	70	70	2147490560	正常
20100824	4110	多头	20100825	4102	1	0	-40	-40	2147490560	正常
20100825	4102	空头	20100826	4200	1	0	-490	-490	2147490048	正常
20100826	4200	多头	20100827	4134	1	0	-330	-330	2147489792	正常
20100827	4134	空头	20100830	4130	1	0	20	20	2147489792	正常
20100830	4130	多头	20100831	4160	1	0	150	150	2147490048	正常
20100831	4160	空头	20100901	4230	1	0	-350	-350	2147489792	正常
20100901	4230	多头	20100902	4248	1	0	90	90	2147489792	正常
20100902	4248	空头	20100906	4400	1	0	-760	-760	2147489024	正常
20100906	4400	多头	20100907	4426	1	0	130	130	2147489280	正常
20100907	4426	空头	20100908	4455	1	0	-145	-145	2147489024	正常
20100908	4455	多头	20100909	4460	1	0	25	25	2147489024	正常
20100909	4460	空头	20100910	4415	1	0	225	225	2147489280	正常
20100910	4415	多头	20100913	4450	1	0	175	175	2147489536	正常
20100913	4450	空头	20100915	4401	1	0	245	245	2147489792	正常
20100915	4401	多头	20100916	4580	1	0	895	895	2147490560	正常
20100916	4580	空头	20100917	4453	1	0	635	635	2147491072	正常
20100917	4453	多头	20100920	4538	1	0	425	425	2147491584	正常
20100920	4538	空头	20100921	4472	1	0	330	330	2147491840	正常
20100921	4472	多头	20100927	4419	1	0	-265	-265	2147491584	正常
20100927	4419	空头	20100928	4429	1	0	-50	-50	2147491584	正常
20100928	4429	多头	20100929	4413	1	0	-80	-80	2147491584	正常
20100929	4413	空头	20100930	4410	1	0	15	15	2147491584	正常
20100930	4410	多头	20101008	4463	1	0	265	265	2147491840	正常
20101008	4463	空头	20101011	4519	1	0	-280	-280	2147491584	正常
20101011	4519	多头	20101012	4501	1	0	-90	-90	2147491584	正常
20101012	4501	空头	20101013	4560	1	0	-295	-295	2147491328	正常
20101013	4560	多头	20101014	4595	1	0	175	175	2147491584	正常
20101014	4595	空头	20101015	4510	1	0	425	425	2147492096	正常
20101015	4510	多头	20101018	4558	1	0	240	240	2147492352	正常
20101018	4558	空头	20101019	4625	1	0	-335	-335	2147492096	正常
20101019	4625	多头	20101020	4559	1	0	-330	-330	2147491840	正常
20101020	4559	空头	20101021	4556	1	0	15	15	2147491840	正常
20101021	4556	多头	20101022	4453	1	0	-515	-515	2147491328	正常
20101022	4453	空头	20101025	4550	1	0	-485	-485	2147490816	正常
20101025	4550	多头	20101026	4604	1	0	270	270	2147491072	正常
20101026	4604	空头	20101027	4588	1	0	80	80	2147491072	正常
20101027	4588	多头	20101028	4605	1	0	85	85	2147491072	正常
20101028	4605	空头	20101029	4600	1	0	25	25	2147491072	正常
20101029	4600	多头	20101101	4626	1	0	130	130	2147491328	正常
20101101	4626	空头	20101102	4628	1	0	-10	-10	2147491328	正常
20101102	4628	多头	20101103	4653	1	0	125	125	2147491328	正常
20101103	4653	空头	20101104	4661	1	0	-40	-40	2147491328	正常
20101104	4661	多头	20101105	4747	1	0	430	430	2147491840	正常
20101105	4747	空头	20101108	4781	1	0	-170	-170	2147491584	正常
20101108	4781	多头	20101109	4768	1	0	-65	-65	2147491584	正常
20101109	4768	空头	20101110	4965	1	0	-985	-985	2147490560	正常
20101110	4965	多头	20101111	4820	1	0	-725	-725	2147489792	正常
20101111	4820	空头	20101112	4801	1	0	95	95	2147489792	正常
20101112	4801	多头	20101115	4680	1	0	-605	-605	2147489280	正常
20101115	4680	空头	20101116	4721	1	0	-205	-205	2147489024	正常
20101116	4721	多头	20101117	4594	1	0	-635	-635	2147488512	正常
20101117	4594	空头	20101118	4658	1	0	-320	-320	2147488256	正常
20101118	4658	多头	20101119	4658	1	0	0	0	2147488256	正常
20101119	4658	空头	20101122	4720	1	0	-310	-310	2147488000	正常
20101122	4720	多头	20101123	4708	1	0	-60	-60	2147488000	正常
20101123	4708	空头	20101124	4657	1	0	255	255	2147488256	正常
20101124	4657	多头	20101125	4764	1	0	535	535	2147488768	正常
20101125	4764	空头	20101126	4770	1	0	-30	-30	2147488768	正常
20101126	4770	多头	20101129	4745	1	0	-125	-125	2147488768	正常
20101129	4745	空头	20101130	4730	1	0	75	75	2147488768	正常
20101130	4730	多头	20101201	4701	1	0	-145	-145	2147488512	正常
20101201	4701	空头	20101202	4749	1	0	-240	-240	2147488256	正常
20101202	4749	多头	20101203	4731	1	0	-90	-90	2147488256	正常
20101203	4731	空头	20101206	4780	1	0	-245	-245	2147488000	正常
20101206	4780	多头	20101207	4752	1	0	-140	-140	2147487744	正常
20101207	4752	空头	20101208	4782	1	0	-150	-150	2147487488	正常
20101208	4782	多头	20101209	4760	1	0	-110	-110	2147487488	正常
20101209	4760	空头	20101210	4751	1	0	45	45	2147487488	正常
20101210	4751	多头	20101213	4741	1	0	-50	-50	2147487488	正常
20101213	4741	空头	20101214	4818	1	0	-385	-385	2147486976	正常
20101214	4818	多头	20101215	4812	1	0	-30	-30	2147486976	正常
20101215	4812	空头	20101216	4810	1	0	10	10	2147486976	正常
20101216	4810	多头	20101217	4807	1	0	-15	-15	2147486976	正常
20101217	4807	空头	20101220	4833	1	0	-130	-130	2147486720	正常
20101220	4833	多头	20101221	4814	1	0	-95	-95	2147486720	正常
20101221	4814	空头	20101222	4838	1	0	-120	-120	2147486720	正常
20101222	4838	多头	20101223	4798	1	0	-200	-200	2147486464	正常
20101223	4798	空头	20101224	4800	1	0	-10	-10	2147486464	正常
20101224	4800	多头	20101227	4781	1	0	-95	-95	2147486464	正常
20101227	4781	空头	20101228	4776	1	0	25	25	2147486464	正常
20101228	4776	多头	20101229	4782	1	0	30	30	2147486464	正常
20101229	4782	空头	20101230	4783	1	0	-5	-5	2147486464	正常
20101230	4783	多头	20101231	4833	1	0	250	250	2147486720	正常
20101231	4833	空头	20110104	4850	1	0	-85	-85	2147486720	正常
20110104	4850	多头	20110105	4826	1	0	-120	-120	2147486720	正常
20110105	4826	空头	20110106	4867	1	0	-205	-205	2147486464	正常
20110106	4867	多头	20110107	4869	1	0	10	10	2147486464	正常
20110107	4869	空头	20110110	4880	1	0	-55	-55	2147486464	正常
20110110	4880	多头	20110111	4932	1	0	260	260	2147486720	正常
20110111	4932	空头	20110112	4934	1	0	-10	-10	2147486720	正常
20110112	4934	多头	20110113	4928	1	0	-30	-30	2147486720	正常
20110113	4928	空头	20110114	4930	1	0	-10	-10	2147486720	正常
20110114	4930	多头	20110117	4975	1	0	225	225	2147486976	正常
20110117	4975	空头	20110118	4976	1	0	-5	-5	2147486976	正常
20110118	4976	多头	20110119	4980	1	0	20	20	2147486976	正常
20110119	4980	空头	20110120	4955	1	0	125	125	2147486976	正常
20110120	4955	多头	20110121	4950	1	0	-25	-25	2147486976	正常
20110121	4950	空头	20110124	4995	1	0	-225	-225	2147486720	正常
20110124	4995	多头	20110125	5024	1	0	145	145	2147486976	正常
20110125	5024	空头	20110126	5028	1	0	-20	-20	2147486976	正常
20110126	5028	多头	20110127	4992	1	0	-180	-180	2147486720	正常
20110127	4992	空头	20110128	4982	1	0	50	50	2147486720	正常
20110128	4982	多头	20110131	5004	1	0	110	110	2147486720	正常
20110131	5004	空头	20110201	5058	1	0	-270	-270	2147486464	正常
20110201	5058	多头	20110209	5079	1	0	105	105	2147486464	正常
20110209	5079	空头	20110210	5079	1	0	0	0	2147486464	正常
20110210	5079	多头	20110211	5113	1	0	170	170	2147486720	正常
20110211	5113	空头	20110214	5123	1	0	-50	-50	2147486720	正常
20110214	5123	多头	20110215	5116	1	0	-35	-35	2147486720	正常
20110215	5116	空头	20110216	5090	1	0	130	130	2147486976	正常
20110216	5090	多头	20110217	5072	1	0	-90	-90	2147486976	正常
20110217	5072	空头	20110218	5005	1	0	335	335	2147487232	正常
20110218	5005	多头	20110221	4987	1	0	-90	-90	2147487232	正常
20110221	4987	空头	20110222	5005	1	0	-90	-90	2147487232	正常
20110222	5005	多头	20110223	4958	1	0	-235	-235	2147486976	正常
20110223	4958	空头	20110224	4927	1	0	155	155	2147487232	正常
20110224	4927	多头	20110225	4876	1	0	-255	-255	2147486976	正常
20110225	4876	空头	20110228	4891	1	0	-75	-75	2147486976	正常
20110228	4891	多头	20110301	4889	1	0	-10	-10	2147486976	正常
20110301	4889	空头	20110302	4824	1	0	325	325	2147487232	正常
20110302	4824	多头	20110303	4812	1	0	-60	-60	2147487232	正常
20110303	4812	空头	20110304	4781	1	0	155	155	2147487488	正常
20110304	4781	多头	20110307	4794	1	0	65	65	2147487488	正常
20110307	4794	空头	20110308	4762	1	0	160	160	2147487744	正常
20110308	4762	多头	20110309	4757	1	0	-25	-25	2147487744	正常
20110309	4757	空头	20110310	4750	1	0	35	35	2147487744	正常
20110310	4750	多头	20110311	4648	1	0	-510	-510	2147487232	正常
20110311	4648	空头	20110314	4652	1	0	-20	-20	2147487232	正常
20110314	4652	多头	20110315	4735	1	0	415	415	2147487744	正常
20110315	4735	空头	20110316	4740	1	0	-25	-25	2147487744	正常
20110316	4740	多头	20110317	4776	1	0	180	180	2147488000	正常
20110317	4776	空头	20110318	4812	1	0	-180	-180	2147487744	正常
20110318	4812	多头	20110321	4700	1	0	-560	-560	2147487232	正常
20110321	4700	空头	20110322	4603	1	0	485	485	2147487744	正常
20110322	4603	多头	20110323	4633	1	0	150	150	2147488000	正常
20110323	4633	空头	20110324	4733	1	0	-500	-500	2147487488	正常
20110324	4733	多头	20110325	4683	1	0	-250	-250	2147487232	正常
20110325	4683	空头	20110328	4709	1	0	-130	-130	2147486976	正常
20110328	4709	多头	20110329	4736	1	0	135	135	2147487232	正常
20110329	4736	空头	20110330	4793	1	0	-285	-285	2147486976	正常
20110330	4793	多头	20110331	4754	1	0	-195	-195	2147486720	正常
20110331	4754	空头	20110401	4757	1	0	-15	-15	2147486720	正常
20110401	4757	多头	20110406	4765	1	0	40	40	2147486720	正常
20110406	4765	空头	20110407	4846	1	0	-405	-405	2147486208	正常
20110407	4846	多头	20110408	4834	1	0	-60	-60	2147486208	正常
20110408	4834	空头	20110411	4880	1	0	-230	-230	2147485952	正常
20110411	4880	多头	20110412	4888	1	0	40	40	2147485952	正常
20110412	4888	空头	20110413	4845	1	0	215	215	2147486208	正常
20110413	4845	多头	20110414	4880	1	0	175	175	2147486464	正常
20110414	4880	空头	20110415	4861	1	0	95	95	2147486464	正常
20110415	4861	多头	20110418	4794	1	0	-335	-335	2147486208	正常
20110418	4794	空头	20110419	4796	1	0	-10	-10	2147486208	正常
20110419	4796	多头	20110420	4768	1	0	-140	-140	2147485952	正常
20110420	4768	空头	20110421	4789	1	0	-105	-105	2147485952	正常
20110421	4789	多头	20110422	4835	1	0	230	230	2147486208	正常
20110422	4835	空头	20110425	4850	1	0	-75	-75	2147486208	正常
20110425	4850	多头	20110426	4816	1	0	-170	-170	2147485952	正常
20110426	4816	空头	20110427	4869	1	0	-265	-265	2147485696	正常
20110427	4869	多头	20110428	4874	1	0	25	25	2147485696	正常
20110428	4874	空头	20110429	4861	1	0	65	65	2147485696	正常
20110429	4861	多头	20110503	4905	1	0	220	220	2147485952	正常
20110503	4905	空头	20110504	4917	1	0	-60	-60	2147485952	正常
20110504	4917	多头	20110505	4904	1	0	-65	-65	2147485952	正常
20110505	4904	空头	20110506	4859	1	0	225	225	2147486208	正常
20110506	4859	多头	20110509	4808	1	0	-255	-255	2147485952	正常
20110509	4808	空头	20110510	4823	1	0	-75	-75	2147485952	正常
20110510	4823	多头	20110511	4833	1	0	50	50	2147485952	正常
20110511	4833	空头	20110512	4779	1	0	270	270	2147486208	正常
20110512	4779	多头	20110513	4778	1	0	-5	-5	2147486208	正常
20110513	4778	空头	20110516	4819	1	0	-205	-205	2147485952	正常
20110516	4819	多头	20110517	4819	1	0	0	0	2147485952	正常
20110517	4819	空头	20110518	4841	1	0	-110	-110	2147485952	正常
20110518	4841	多头	20110519	4840	1	0	-5	-5	2147485952	正常
20110519	4840	空头	20110520	4821	1	0	95	95	2147485952	正常
20110520	4821	多头	20110523	4782	1	0	-195	-195	2147485696	正常
20110523	4782	空头	20110524	4778	1	0	20	20	2147485696	正常
20110524	4778	多头	20110525	4835	1	0	285	285	2147485952	正常
20110525	4835	空头	20110526	4842	1	0	-35	-35	2147485952	正常
20110526	4842	多头	20110527	4866	1	0	120	120	2147485952	正常
20110527	4866	空头	20110530	4893	1	0	-135	-135	2147485696	正常
20110530	4893	多头	20110531	4898	1	0	25	25	2147485696	正常
20110531	4898	空头	20110601	4890	1	0	40	40	2147485696	正常
20110601	4890	多头	20110602	4899	1	0	45	45	2147485696	正常
20110602	4899	空头	20110603	4893	1	0	30	30	2147485696	正常
20110603	4893	多头	20110607	4907	1	0	70	70	2147485696	正常
20110607	4907	空头	20110608	4915	1	0	-40	-40	2147485696	正常
20110608	4915	多头	20110609	4939	1	0	120	120	2147485696	正常
20110609	4939	空头	20110610	4918	1	0	105	105	2147485696	正常
20110610	4918	多头	20110613	4901	1	0	-85	-85	2147485696	正常
20110613	4901	空头	20110614	4884	1	0	85	85	2147485696	正常
20110614	4884	多头	20110615	4889	1	0	25	25	2147485696	正常
20110615	4889	空头	20110616	4880	1	0	45	45	2147485696	正常
20110616	4880	多头	20110617	4870	1	0	-50	-50	2147485696	正常
20110617	4870	空头	20110620	4835	1	0	175	175	2147485952	正常
20110620	4835	多头	20110621	4809	1	0	-130	-130	2147485696	正常
20110621	4809	空头	20110622	4838	1	0	-145	-145	2147485440	正常
20110622	4838	多头	20110623	4765	1	0	-365	-365	2147485184	正常
20110623	4765	空头	20110624	4847	1	0	-410	-410	2147484672	正常
20110624	4847	多头	20110627	4820	1	0	-135	-135	2147484416	正常
20110627	4820	空头	20110628	4850	1	0	-150	-150	2147484160	正常
20110628	4850	多头	20110629	4850	1	0	0	0	2147484160	正常
20110629	4850	空头	20110630	4850	1	0	0	0	2147484160	正常
20110630	4850	多头	20110701	4847	1	0	-15	-15	2147484160	正常
20110701	4847	空头	20110704	4853	1	0	-30	-30	2147484160	正常
20110704	4853	多头	20110705	4905	1	0	260	260	2147484416	正常
20110705	4905	空头	20110706	4893	1	0	60	60	2147484416	正常
20110706	4893	多头	20110707	4909	1	0	80	80	2147484416	正常
20110707	4909	空头	20110708	4923	1	0	-70	-70	2147484416	正常
20110708	4923	多头	20110711	4890	1	0	-165	-165	2147484160	正常
20110711	4890	空头	20110712	4933	1	0	-215	-215	2147483904	正常
20110712	4933	多头	20110713	4961	1	0	140	140	2147484160	正常
20110713	4961	空头	20110714	5018	1	0	-285	-285	2147483904	正常
20110714	5018	多头	20110715	4995	1	0	-115	-115	2147483904	正常
20110715	4995	空头	20110718	5000	1	0	-25	-25	2147483904	正常
20110718	5000	多头	20110719	4975	1	0	-125	-125	2147483904	正常
20110719	4975	空头	20110720	4992	1	0	-85	-85	2147483904	正常
20110720	4992	多头	20110721	4980	1	0	-60	-60	2147483904	正常
20110721	4980	空头	20110722	4997	1	0	-85	-85	2147483904	正常
20110722	4997	多头	20110725	5010	1	0	65	65	2147483904	正常
20110725	5010	空头	20110726	5004	1	0	30	30	2147483904	正常
20110726	5004	多头	20110727	5020	1	0	80	80	2147483904	正常
20110727	5020	空头	20110728	5019	1	0	5	5	2147483904	正常
20110728	5019	多头	20110729	5032	1	0	65	65	2147483904	正常
20110729	5032	空头	20110801	5044	1	0	-60	-60	2147483904	正常
20110801	5044	多头	20110802	5054	1	0	50	50	2147483904	正常
20110802	5054	空头	20110803	5030	1	0	120	120	2147483904	正常
20110803	5030	多头	20110804	5017	1	0	-65	-65	2147483904	正常
20110804	5017	空头	20110805	4949	1	0	340	340	2147484160	正常
20110805	4949	多头	20110808	4924	1	0	-125	-125	2147484160	正常
20110808	4924	空头	20110809	4920	1	0	20	20	2147484160	正常
20110809	4920	多头	20110810	4936	1	0	80	80	2147484160	正常
20110810	4936	空头	20110811	4944	1	0	-40	-40	2147484160	正常
20110811	4944	多头	20110812	4989	1	0	225	225	2147484416	正常
20110812	4989	空头	20110815	5032	1	0	-215	-215	2147484160	正常
20110815	5032	多头	20110816	4975	1	0	-285	-285	2147483904	正常
20110816	4975	空头	20110817	4912	1	0	315	315	2147484160	正常
20110817	4912	多头	20110818	4959	1	0	235	235	2147484416	正常
20110818	4959	空头	20110819	4945	1	0	70	70	2147484416	正常
20110819	4945	多头	20110822	4949	1	0	20	20	2147484416	正常
20110822	4949	空头	20110824	4911	1	0	190	190	2147484672	正常
20110824	4911	多头	20110825	4920	1	0	45	45	2147484672	正常
20110825	4920	空头	20110829	4855	1	0	325	325	2147484928	正常
20110829	4855	多头	20110830	4845	1	0	-50	-50	2147484928	正常
20110830	4845	空头	20110831	4680	1	0	825	825	2147485696	正常
20110831	4680	多头	20110908	4780	1	0	500	500	2147486208	正常
20110908	4780	空头	20110913	4780	1	0	0	0	2147486208	正常
20110913	4780	多头	20110920	4640	1	0	-700	-700	2147485440	正常
20110920	4640	空头	20110923	4500	1	0	700	700	2147486208	正常
20110923	4500	多头	20111010	4423	1	0	-385	-385	2147485696	正常
20111010	4423	空头	20111011	4327	1	0	480	480	2147486208	正常
20111011	4327	多头	20111013	4394	1	0	335	335	2147486464	正常
20111013	4394	空头	20111014	4432	1	0	-190	-190	2147486208	正常
20111014	4432	多头	20111017	4300	1	0	-660	-660	2147485440	正常
20111017	4300	空头	20111018	4260	1	0	200	200	2147485696	正常
20111018	4260	多头	20111019	4150	1	0	-550	-550	2147485184	正常
20111019	4150	空头	20111020	4004	1	0	730	730	2147485952	正常
20111020	4004	多头	20111021	3995	1	0	-45	-45	2147485952	正常
20111021	3995	空头	20111024	4032	1	0	-185	-185	2147485696	正常
20111024	4032	多头	20111025	4106	1	0	370	370	2147485952	正常
20111025	4106	空头	20111026	4073	1	0	165	165	2147486208	正常
20111026	4073	多头	20111027	4104	1	0	155	155	2147486464	正常
20111027	4104	空头	20111028	4110	1	0	-30	-30	2147486464	正常
20111028	4110	多头	20111031	4185	1	0	375	375	2147486720	正常
20111031	4185	空头	20111101	4180	1	0	25	25	2147486720	正常
20111101	4180	多头	20111102	4081	1	0	-495	-495	2147486208	正常
20111102	4081	空头	20111103	4104	1	0	-115	-115	2147486208	正常
20111103	4104	多头	20111104	4140	1	0	180	180	2147486464	正常
20111104	4140	空头	20111107	4166	1	0	-130	-130	2147486208	正常
20111107	4166	多头	20111108	4167	1	0	5	5	2147486208	正常
20111108	4167	空头	20111109	4200	1	0	-165	-165	2147485952	正常
20111109	4200	多头	20111110	4105	1	0	-475	-475	2147485440	正常
20111110	4105	空头	20111111	4135	1	0	-150	-150	2147485184	正常
20111111	4135	多头	20111114	4210	1	0	375	375	2147485440	正常
20111114	4210	空头	20111115	4178	1	0	160	160	2147485696	正常
20111115	4178	多头	20111116	4200	1	0	110	110	2147485696	正常
20111116	4200	空头	20111117	4140	1	0	300	300	2147485952	正常
20111117	4140	多头	20111118	4151	1	0	55	55	2147485952	正常
20111118	4151	空头	20111121	4152	1	0	-5	-5	2147485952	正常
20111121	4152	多头	20111122	4086	1	0	-330	-330	2147485696	正常
20111122	4086	空头	20111123	4121	1	0	-175	-175	2147485440	正常
20111123	4121	多头	20111124	4068	1	0	-265	-265	2147485184	正常
20111124	4068	空头	20111125	4068	1	0	0	0	2147485184	正常
20111125	4068	多头	20111128	4071	1	0	15	15	2147485184	正常
20111128	4071	空头	20111129	4122	1	0	-255	-255	2147484928	正常
20111129	4122	多头	20111130	4139	1	0	85	85	2147484928	正常
20111130	4139	空头	20111201	4218	1	0	-395	-395	2147484416	正常
20111201	4218	多头	20111202	4153	1	0	-325	-325	2147484160	正常
20111202	4153	空头	20111205	4161	1	0	-40	-40	2147484160	正常
20111205	4161	多头	20111206	4134	1	0	-135	-135	2147483904	正常
20111206	4134	空头	20111207	4151	1	0	-85	-85	2147483904	正常
20111207	4151	多头	20111208	4146	1	0	-25	-25	2147483904	正常
20111208	4146	空头	20111209	4146	1	0	0	0	2147483904	正常
20111209	4146	多头	20111212	4136	1	0	-50	-50	2147483904	正常
20111212	4136	空头	20111213	4109	1	0	135	135	2147484160	正常
20111213	4109	多头	20111214	4131	1	0	110	110	2147484160	正常
20111214	4131	空头	20111215	4100	1	0	155	155	2147484416	正常
20111215	4100	多头	20111216	4144	1	0	220	220	2147484672	正常
20111216	4144	空头	20111219	4156	1	0	-60	-60	2147484672	正常
20111219	4156	多头	20111220	4186	1	0	150	150	2147484928	正常
20111220	4186	空头	20111221	4193	1	0	-35	-35	2147484928	正常
20111221	4193	多头	20111222	4192	1	0	-5	-5	2147484928	正常
20111222	4192	空头	20111223	4209	1	0	-85	-85	2147484928	正常
20111223	4209	多头	20111226	4209	1	0	0	0	2147484928	正常
20111226	4209	空头	20111227	4332	1	0	-615	-615	2147484416	正常
20111227	4332	多头	20111228	4276	1	0	-280	-280	2147484160	正常
20111228	4276	空头	20111229	4224	1	0	260	260	2147484416	正常
20111229	4224	多头	20111230	4195	1	0	-145	-145	2147484160	正常
20111230	4195	空头	20120104	4208	1	0	-65	-65	2147484160	正常
20120104	4208	多头	20120105	4153	1	0	-275	-275	2147483904	正常
20120105	4153	空头	20120106	4185	1	0	-160	-160	2147483648	正常
20120106	4185	多头	20120109	4199	1	0	70	70	2147483648	正常
20120109	4199	空头	20120110	4161	1	0	190	190	2147483904	正常
20120110	4161	多头	20120111	4205	1	0	220	220	2147484160	正常
20120111	4205	空头	20120112	4215	1	0	-50	-50	2147484160	正常
20120112	4215	多头	20120113	4208	1	0	-35	-35	2147484160	正常
20120113	4208	空头	20120116	4220	1	0	-60	-60	2147484160	正常
20120116	4220	多头	20120117	4227	1	0	35	35	2147484160	正常
20120117	4227	空头	20120118	4280	1	0	-265	-265	2147483904	正常
20120118	4280	多头	20120119	4302	1	0	110	110	2147483904	正常
20120119	4302	空头	20120120	4312	1	0	-50	-50	2147483904	正常
20120120	4312	多头	20120130	4335	1	0	115	115	2147483904	正常
20120130	4335	空头	20120131	4309	1	0	130	130	2147484160	正常
20120131	4309	多头	20120201	4312	1	0	15	15	2147484160	正常
20120201	4312	空头	20120202	4310	1	0	10	10	2147484160	正常
20120202	4310	多头	20120203	4316	1	0	30	30	2147484160	正常
20120203	4316	空头	20120206	4367	1	0	-255	-255	2147483904	正常
20120206	4367	多头	20120207	4349	1	0	-90	-90	2147483904	正常
20120207	4349	空头	20120208	4307	1	0	210	210	2147484160	正常
20120208	4307	多头	20120209	4325	1	0	90	90	2147484160	正常
20120209	4325	空头	20120210	4329	1	0	-20	-20	2147484160	正常
20120210	4329	多头	20120213	4279	1	0	-250	-250	2147483904	正常
20120213	4279	空头	20120214	4270	1	0	45	45	2147483904	正常
20120214	4270	多头	20120215	4281	1	0	55	55	2147483904	正常
20120215	4281	空头	20120216	4227	1	0	270	270	2147484160	正常
20120216	4227	多头	20120217	4190	1	0	-185	-185	2147483904	正常
20120217	4190	空头	20120220	4295	1	0	-525	-525	2147483392	正常
20120220	4295	多头	20120221	4236	1	0	-295	-295	2147483136	正常
20120221	4236	空头	20120222	4245	1	0	-45	-45	2147483136	正常
20120222	4245	多头	20120223	4246	1	0	5	5	2147483136	正常
20120223	4246	空头	20120224	4209	1	0	185	185	2147483264	正常
20120224	4209	多头	20120227	4262	1	0	265	265	2147483520	正常
20120227	4262	空头	20120228	4325	1	0	-315	-315	2147483264	正常
20120228	4325	多头	20120229	4312	1	0	-65	-65	2147483136	正常
20120229	4312	空头	20120301	4280	1	0	160	160	2147483264	正常
20120301	4280	多头	20120302	4298	1	0	90	90	2147483392	正常
20120302	4298	空头	20120305	4312	1	0	-70	-70	2147483264	正常
20120305	4312	多头	20120306	4268	1	0	-220	-220	2147483008	正常
20120306	4268	空头	20120307	4253	1	0	75	75	2147483136	正常
20120307	4253	多头	20120308	4274	1	0	105	105	2147483264	正常
20120308	4274	空头	20120309	4308	1	0	-170	-170	2147483136	正常
20120309	4308	多头	20120312	4330	1	0	110	110	2147483264	正常
20120312	4330	空头	20120313	4337	1	0	-35	-35	2147483264	正常
20120313	4337	多头	20120314	4342	1	0	25	25	2147483264	正常
20120314	4342	空头	20120315	4323	1	0	95	95	2147483392	正常
20120315	4323	多头	20120316	4335	1	0	60	60	2147483392	正常
20120316	4335	空头	20120319	4322	1	0	65	65	2147483520	正常
20120319	4322	多头	20120320	4343	1	0	105	105	2147483648	正常
20120320	4343	空头	20120321	4325	1	0	90	90	2147483648	正常
20120321	4325	多头	20120322	4357	1	0	160	160	2147483904	正常
20120322	4357	空头	20120323	4328	1	0	145	145	2147484160	正常
20120323	4328	多头	20120326	4348	1	0	100	100	2147484160	正常
20120326	4348	空头	20120327	4362	1	0	-70	-70	2147484160	正常
20120327	4362	多头	20120328	4360	1	0	-10	-10	2147484160	正常
20120328	4360	空头	20120329	4343	1	0	85	85	2147484160	正常
20120329	4343	多头	20120330	4322	1	0	-105	-105	2147484160	正常
20120330	4322	空头	20120405	4302	1	0	100	100	2147484160	正常
20120405	4302	多头	20120406	4343	1	0	205	205	2147484416	正常
20120406	4343	空头	20120409	4367	1	0	-120	-120	2147484416	正常
20120409	4367	多头	20120410	4361	1	0	-30	-30	2147484416	正常
20120410	4361	空头	20120411	4350	1	0	55	55	2147484416	正常
20120411	4350	多头	20120412	4384	1	0	170	170	2147484672	正常
20120412	4384	空头	20120413	4410	1	0	-130	-130	2147484416	正常
20120413	4410	多头	20120416	4350	1	0	-300	-300	2147484160	正常
20120416	4350	空头	20120417	4320	1	0	150	150	2147484416	正常
20120417	4320	多头	20120418	4318	1	0	-10	-10	2147484416	正常
20120418	4318	空头	20120419	4338	1	0	-100	-100	2147484416	正常
20120419	4338	多头	20120420	4302	1	0	-180	-180	2147484160	正常
20120420	4302	空头	20120423	4311	1	0	-45	-45	2147484160	正常
20120423	4311	多头	20120424	4277	1	0	-170	-170	2147483904	正常
20120424	4277	空头	20120425	4274	1	0	15	15	2147483904	正常
20120425	4274	多头	20120426	4280	1	0	30	30	2147483904	正常
20120426	4280	空头	20120427	4292	1	0	-60	-60	2147483904	正常
20120427	4292	多头	20120502	4272	1	0	-100	-100	2147483904	正常
20120502	4272	空头	20120503	4265	1	0	35	35	2147483904	正常
20120503	4265	多头	20120504	4246	1	0	-95	-95	2147483904	正常
20120504	4246	空头	20120507	4245	1	0	5	5	2147483904	正常
20120507	4245	多头	20120508	4244	1	0	-5	-5	2147483904	正常
20120508	4244	空头	20120509	4225	1	0	95	95	2147483904	正常
20120509	4225	多头	20120510	4220	1	0	-25	-25	2147483904	正常
20120510	4220	空头	20120511	4213	1	0	35	35	2147483904	正常
20120511	4213	多头	20120514	4201	1	0	-60	-60	2147483904	正常
20120514	4201	空头	20120515	4141	1	0	300	300	2147484160	正常
20120515	4141	多头	20120516	4117	1	0	-120	-120	2147484160	正常
20120516	4117	空头	20120517	4110	1	0	35	35	2147484160	正常
20120517	4110	多头	20120518	4116	1	0	30	30	2147484160	正常
20120518	4116	空头	20120521	4120	1	0	-20	-20	2147484160	正常
20120521	4120	多头	20120522	4145	1	0	125	125	2147484160	正常
20120522	4145	空头	20120523	4094	1	0	255	255	2147484416	正常
20120523	4094	多头	20120524	4050	1	0	-220	-220	2147484160	正常
20120524	4050	空头	20120525	4069	1	0	-95	-95	2147484160	正常
20120525	4069	多头	20120528	4085	1	0	80	80	2147484160	正常
20120528	4085	空头	20120529	4126	1	0	-205	-205	2147483904	正常
20120529	4126	多头	20120530	4104	1	0	-110	-110	2147483904	正常
20120530	4104	空头	20120531	4080	1	0	120	120	2147483904	正常
20120531	4080	多头	20120601	4125	1	0	225	225	2147484160	正常
20120601	4125	空头	20120604	4121	1	0	20	20	2147484160	正常
20120604	4121	多头	20120605	4086	1	0	-175	-175	2147483904	正常
20120605	4086	空头	20120606	4130	1	0	-220	-220	2147483648	正常
20120606	4130	多头	20120607	4164	1	0	170	170	2147483904	正常
20120607	4164	空头	20120608	4123	1	0	205	205	2147484160	正常
20120608	4123	多头	20120611	4174	1	0	255	255	2147484416	正常
20120611	4174	空头	20120612	4152	1	0	110	110	2147484416	正常
20120612	4152	多头	20120613	4118	1	0	-170	-170	2147484160	正常
20120613	4118	空头	20120614	4128	1	0	-50	-50	2147484160	正常
20120614	4128	多头	20120615	4154	1	0	130	130	2147484416	正常
20120615	4154	空头	20120618	4186	1	0	-160	-160	2147484160	正常
20120618	4186	多头	20120619	4151	1	0	-175	-175	2147483904	正常
20120619	4151	空头	20120620	4159	1	0	-40	-40	2147483904	正常
20120620	4159	多头	20120621	4143	1	0	-80	-80	2147483904	正常
20120621	4143	空头	20120625	4131	1	0	60	60	2147483904	正常
20120625	4131	多头	20120626	4122	1	0	-45	-45	2147483904	正常
20120626	4122	空头	20120627	4111	1	0	55	55	2147483904	正常
20120627	4111	多头	20120628	4113	1	0	10	10	2147483904	正常
20120628	4113	空头	20120629	4106	1	0	35	35	2147483904	正常
20120629	4106	多头	20120702	4122	1	0	80	80	2147483904	正常
20120702	4122	空头	20120703	4096	1	0	130	130	2147484160	正常
20120703	4096	多头	20120704	4135	1	0	195	195	2147484416	正常
20120704	4135	空头	20120705	4118	1	0	85	85	2147484416	正常
20120705	4118	多头	20120706	4120	1	0	10	10	2147484416	正常
20120706	4120	空头	20120709	4100	1	0	100	100	2147484416	正常
20120709	4100	多头	20120710	4104	1	0	20	20	2147484416	正常
20120710	4104	空头	20120711	3990	1	0	570	570	2147484928	正常
20120711	3990	多头	20120712	4032	1	0	210	210	2147485184	正常
20120712	4032	空头	20120713	3999	1	0	165	165	2147485440	正常
20120713	3999	多头	20120716	4056	1	0	285	285	2147485696	正常
20120716	4056	空头	20120717	3938	1	0	590	590	2147486208	正常
20120717	3938	多头	20120718	3929	1	0	-45	-45	2147486208	正常
20120718	3929	空头	20120719	3892	1	0	185	185	2147486464	正常
20120719	3892	多头	20120720	3845	1	0	-235	-235	2147486208	正常
20120720	3845	空头	20120723	3781	1	0	320	320	2147486464	正常
20120723	3781	多头	20120724	3811	1	0	150	150	2147486720	正常
20120724	3811	空头	20120725	3819	1	0	-40	-40	2147486720	正常
20120725	3819	多头	20120726	3827	1	0	40	40	2147486720	正常
20120726	3827	空头	20120727	3818	1	0	45	45	2147486720	正常
20120727	3818	多头	20120730	3843	1	0	125	125	2147486720	正常
20120730	3843	空头	20120731	3825	1	0	90	90	2147486720	正常
20120731	3825	多头	20120801	3792	1	0	-165	-165	2147486464	正常
20120801	3792	空头	20120802	3717	1	0	375	375	2147486720	正常
20120802	3717	多头	20120803	3691	1	0	-130	-130	2147486464	正常
20120803	3691	空头	20120806	3682	1	0	45	45	2147486464	正常
20120806	3682	多头	20120807	3713	1	0	155	155	2147486720	正常
20120807	3713	空头	20120808	3657	1	0	280	280	2147486976	正常
20120808	3657	多头	20120809	3642	1	0	-75	-75	2147486976	正常
20120809	3642	空头	20120810	3660	1	0	-90	-90	2147486976	正常
20120810	3660	多头	20120813	3668	1	0	40	40	2147486976	正常
20120813	3668	空头	20120814	3652	1	0	80	80	2147486976	正常
20120814	3652	多头	20120815	3650	1	0	-10	-10	2147486976	正常
20120815	3650	空头	20120816	3648	1	0	10	10	2147486976	正常
20120816	3648	多头	20120817	3641	1	0	-35	-35	2147486976	正常
20120817	3641	空头	20120821	3543	1	0	490	490	2147487488	正常
20120821	3543	多头	20120822	3553	1	0	50	50	2147487488	正常
20120822	3553	空头	20120824	3584	1	0	-155	-155	2147487232	正常
20120824	3584	多头	20120827	3572	1	0	-60	-60	2147487232	正常
20120827	3572	空头	20120828	3470	1	0	510	510	2147487744	正常
20120828	3470	多头	20120829	3460	1	0	-50	-50	2147487744	正常
20120829	3460	空头	20120830	3459	1	0	5	5	2147487744	正常
20120830	3459	多头	20120831	3460	1	0	5	5	2147487744	正常
20120831	3460	空头	20120904	3401	1	0	295	295	2147488000	正常
20120904	3401	多头	20120905	3351	1	0	-250	-250	2147487744	正常
20120905	3351	空头	20120906	3400	1	0	-245	-245	2147487488	正常
20120906	3400	多头	20120918	3738	1	0	1690	1690	2147489280	正常
20120918	3738	空头	20120919	3770	1	0	-160	-160	2147489024	正常
20120919	3770	多头	20120920	3796	1	0	130	130	2147489280	正常
20120920	3796	空头	20120921	3654	1	0	710	710	2147490048	正常
20120921	3654	多头	20120924	3657	1	0	15	15	2147490048	正常
20120924	3657	空头	20120925	3705	1	0	-240	-240	2147489792	正常
20120925	3705	多头	20120926	3671	1	0	-170	-170	2147489536	正常
20120926	3671	空头	20120927	3655	1	0	80	80	2147489536	正常
20120927	3655	多头	20120928	3729	1	0	370	370	2147489792	正常
20120928	3729	空头	20121008	3760	1	0	-155	-155	2147489536	正常
20121008	3760	多头	20121009	3753	1	0	-35	-35	2147489536	正常
20121009	3753	空头	20121010	3761	1	0	-40	-40	2147489536	正常
20121010	3761	多头	20121011	3761	1	0	0	0	2147489536	正常
20121011	3761	空头	20121012	3741	1	0	100	100	2147489536	正常
20121012	3741	多头	20121015	3721	1	0	-100	-100	2147489536	正常
20121015	3721	空头	20121016	3646	1	0	375	375	2147489792	正常
20121016	3646	多头	20121017	3631	1	0	-75	-75	2147489792	正常
20121017	3631	空头	20121018	3711	1	0	-400	-400	2147489280	正常
20121018	3711	多头	20121019	3745	1	0	170	170	2147489536	正常
20121019	3745	空头	20121022	3688	1	0	285	285	2147489792	正常
20121022	3688	多头	20121023	3792	1	0	520	520	2147490304	正常
20121023	3792	空头	20121024	3707	1	0	425	425	2147490816	正常
20121024	3707	多头	20121025	3739	1	0	160	160	2147491072	正常
20121025	3739	空头	20121026	3718	1	0	105	105	2147491072	正常
20121026	3718	多头	20121029	3736	1	0	90	90	2147491072	正常
20121029	3736	空头	20121030	3688	1	0	240	240	2147491328	正常
20121030	3688	多头	20121031	3654	1	0	-170	-170	2147491072	正常
20121031	3654	空头	20121101	3671	1	0	-85	-85	2147491072	正常
20121101	3671	多头	20121102	3727	1	0	280	280	2147491328	正常
20121102	3727	空头	20121105	3690	1	0	185	185	2147491584	正常
20121105	3690	多头	20121106	3680	1	0	-50	-50	2147491584	正常
20121106	3680	空头	20121107	3682	1	0	-10	-10	2147491584	正常
20121107	3682	多头	20121108	3667	1	0	-75	-75	2147491584	正常
20121108	3667	空头	20121109	3685	1	0	-90	-90	2147491584	正常
20121109	3685	多头	20121112	3673	1	0	-60	-60	2147491584	正常
20121112	3673	空头	20121113	3701	1	0	-140	-140	2147491328	正常
20121113	3701	多头	20121114	3692	1	0	-45	-45	2147491328	正常
20121114	3692	空头	20121115	3700	1	0	-40	-40	2147491328	正常
20121115	3700	多头	20121116	3690	1	0	-50	-50	2147491328	正常
20121116	3690	空头	20121119	3645	1	0	225	225	2147491584	正常
20121119	3645	多头	20121120	3613	1	0	-160	-160	2147491328	正常
20121120	3613	空头	20121121	3622	1	0	-45	-45	2147491328	正常
20121121	3622	多头	20121122	3621	1	0	-5	-5	2147491328	正常
20121122	3621	空头	20121123	3611	1	0	50	50	2147491328	正常
20121123	3611	多头	20121126	3610	1	0	-5	-5	2147491328	正常
20121126	3610	空头	20121127	3603	1	0	35	35	2147491328	正常
20121127	3603	多头	20121128	3600	1	0	-15	-15	2147491328	正常
20121128	3600	空头	20121129	3582	1	0	90	90	2147491328	正常
20121129	3582	多头	20121130	3534	1	0	-240	-240	2147491072	正常
20121130	3534	空头	20121203	3539	1	0	-25	-25	2147491072	正常
20121203	3539	多头	20121204	3596	1	0	285	285	2147491328	正常
20121204	3596	空头	20121205	3614	1	0	-90	-90	2147491328	正常
20121205	3614	多头	20121206	3664	1	0	250	250	2147491584	正常
20121206	3664	空头	20121207	3650	1	0	70	70	2147491584	正常
20121207	3650	多头	20121210	3698	1	0	240	240	2147491840	正常
20121210	3698	空头	20121211	3719	1	0	-105	-105	2147491840	正常
20121211	3719	多头	20121212	3660	1	0	-295	-295	2147491584	正常
20121212	3660	空头	20121213	3724	1	0	-320	-320	2147491328	正常
20121213	3724	多头	20121214	3723	1	0	-5	-5	2147491328	正常
20121214	3723	空头	20121217	3842	1	0	-595	-595	2147490816	正常
20121217	3842	多头	20121218	3843	1	0	5	5	2147490816	正常
20121218	3843	空头	20121219	3822	1	0	105	105	2147490816	正常
20121219	3822	多头	20121220	3825	1	0	15	15	2147490816	正常
20121220	3825	空头	20121221	3784	1	0	205	205	2147491072	正常
20121221	3784	多头	20121224	3803	1	0	95	95	2147491072	正常
20121224	3803	空头	20121225	3804	1	0	-5	-5	2147491072	正常
20121225	3804	多头	20121226	3882	1	0	390	390	2147491584	正常
20121226	3882	空头	20121227	3898	1	0	-80	-80	2147491584	正常
20121227	3898	多头	20121228	3893	1	0	-25	-25	2147491584	正常
20121228	3893	空头	20121231	3950	1	0	-285	-285	2147491328	正常
20121231	3950	多头	20130104	4043	1	0	465	465	2147491840	正常
20130104	4043	空头	20130107	4009	1	0	170	170	2147492096	正常
20130107	4009	多头	20130108	4019	1	0	50	50	2147492096	正常
20130108	4019	空头	20130109	4025	1	0	-30	-30	2147492096	正常
20130109	4025	多头	20130110	4035	1	0	50	50	2147492096	正常
20130110	4035	空头	20130111	4030	1	0	25	25	2147492096	正常
20130111	4030	多头	20130114	3935	1	0	-475	-475	2147491584	正常
20130114	3935	空头	20130115	4025	1	0	-450	-450	2147491072	正常
20130115	4025	多头	20130116	3980	1	0	-225	-225	2147490816	正常
20130116	3980	空头	20130117	3952	1	0	140	140	2147491072	正常
20130117	3952	多头	20130118	3970	1	0	90	90	2147491072	正常
20130118	3970	空头	20130121	3987	1	0	-85	-85	2147491072	正常
20130121	3987	多头	20130122	3983	1	0	-20	-20	2147491072	正常
20130122	3983	空头	20130123	3992	1	0	-45	-45	2147491072	正常
20130123	3992	多头	20130124	4061	1	0	345	345	2147491328	正常
20130124	4061	空头	20130125	4116	1	0	-275	-275	2147491072	正常
20130125	4116	多头	20130128	4078	1	0	-190	-190	2147490816	正常
20130128	4078	空头	20130129	4088	1	0	-50	-50	2147490816	正常
20130129	4088	多头	20130130	4115	1	0	135	135	2147491072	正常
20130130	4115	空头	20130131	4149	1	0	-170	-170	2147490816	正常
20130131	4149	多头	20130201	4120	1	0	-145	-145	2147490560	正常
20130201	4120	空头	20130204	4217	1	0	-485	-485	2147490048	正常
20130204	4217	多头	20130205	4200	1	0	-85	-85	2147490048	正常
20130205	4200	空头	20130206	4295	1	0	-475	-475	2147489536	正常
20130206	4295	多头	20130207	4200	1	0	-475	-475	2147489024	正常
20130207	4200	空头	20130208	4241	1	0	-205	-205	2147488768	正常
20130208	4241	多头	20130218	4239	1	0	-10	-10	2147488768	正常
20130218	4239	空头	20130219	4144	1	0	475	475	2147489280	正常
20130219	4144	多头	20130220	4157	1	0	65	65	2147489280	正常
20130220	4157	空头	20130221	4116	1	0	205	205	2147489536	正常
20130221	4116	多头	20130222	4040	1	0	-380	-380	2147489280	正常
20130222	4040	空头	20130225	4029	1	0	55	55	2147489280	正常
20130225	4029	多头	20130226	3988	1	0	-205	-205	2147489024	正常
20130226	3988	空头	20130227	3960	1	0	140	140	2147489280	正常
20130227	3960	多头	20130228	3986	1	0	130	130	2147489536	正常
20130228	3986	空头	20130301	4027	1	0	-205	-205	2147489280	正常
20130301	4027	多头	20130304	3943	1	0	-420	-420	2147488768	正常
20130304	3943	空头	20130305	3899	1	0	220	220	2147489024	正常
20130305	3899	多头	20130306	3939	1	0	200	200	2147489280	正常
20130306	3939	空头	20130307	3934	1	0	25	25	2147489280	正常
20130307	3934	多头	20130308	3935	1	0	5	5	2147489280	正常
20130308	3935	空头	20130311	3925	1	0	50	50	2147489280	正常
20130311	3925	多头	20130312	3905	1	0	-100	-100	2147489280	正常
20130312	3905	空头	20130313	3893	1	0	60	60	2147489280	正常
20130313	3893	多头	20130314	3827	1	0	-330	-330	2147489024	正常
20130314	3827	空头	20130315	3800	1	0	135	135	2147489280	正常
20130315	3800	多头	20130318	3851	1	0	255	255	2147489536	正常
20130318	3851	空头	20130319	3829	1	0	110	110	2147489536	正常
20130319	3829	多头	20130320	3844	1	0	75	75	2147489536	正常
20130320	3844	空头	20130321	3891	1	0	-235	-235	2147489280	正常
20130321	3891	多头	20130322	3893	1	0	10	10	2147489280	正常
20130322	3893	空头	20130325	3882	1	0	55	55	2147489280	正常
20130325	3882	多头	20130326	3910	1	0	140	140	2147489536	正常
20130326	3910	空头	20130327	3891	1	0	95	95	2147489536	正常
20130327	3891	多头	20130328	3902	1	0	55	55	2147489536	正常
20130328	3902	空头	20130329	3793	1	0	545	545	2147490048	正常
20130329	3793	多头	20130401	3792	1	0	-5	-5	2147490048	正常
20130401	3792	空头	20130402	3730	1	0	310	310	2147490304	正常
20130402	3730	多头	20130403	3765	1	0	175	175	2147490560	正常
20130403	3765	空头	20130408	3780	1	0	-75	-75	2147490560	正常
20130408	3780	多头	20130409	3851	1	0	355	355	2147490816	正常
20130409	3851	空头	20130410	3865	1	0	-70	-70	2147490816	正常
20130410	3865	多头	20130411	3848	1	0	-85	-85	2147490816	正常
20130411	3848	空头	20130412	3824	1	0	120	120	2147490816	正常
20130412	3824	多头	20130415	3793	1	0	-155	-155	2147490560	正常
20130415	3793	空头	20130416	3660	1	0	665	665	2147491328	正常
20130416	3660	多头	20130417	3760	1	0	500	500	2147491840	正常
20130417	3760	空头	20130418	3600	1	0	800	800	2147492608	正常
20130418	3600	多头	20130419	3637	1	0	185	185	2147492864	正常
20130419	3637	空头	20130422	3693	1	0	-280	-280	2147492608	正常
20130422	3693	多头	20130423	3670	1	0	-115	-115	2147492608	正常
20130423	3670	空头	20130424	3590	1	0	400	400	2147493120	正常
20130424	3590	多头	20130424	3590	1	0	0	0	2147493120	正常
